0 1.00495 0.489975 0.01 
0.02 1.01455 0.469779 0.02 
0.04 1.02374 0.449395 0.02 
0.06 1.03252 0.428832 0.02 
0.08 1.04089 0.408096 0.02 
0.1 1.04885 0.387198 0.02 
0.12 1.05638 0.366145 0.02 
0.14 1.06349 0.344945 0.02 
0.16 1.07018 0.323607 0.02 
0.18 1.07643 0.30214 0.02 
0.2 1.08226 0.280552 0.02 
0.22 1.08766 0.258852 0.02 
0.24 1.09262 0.237048 0.02 
0.26 1.09714 0.215149 0.02 
0.28 1.10122 0.193165 0.02 
0.3 1.10486 0.171103 0.02 
0.32 1.10806 0.148972 0.02 
0.34 1.11082 0.126782 0.02 
0.36 1.11314 0.104542 0.02 
0.38 1.115 0.082259 0.02 
0.4 1.11643 0.0599436 0.02 
0.42 1.1174 0.0376042 0.02 
0.44 1.11793 0.0152498 0.02 
0.46 1.11801 -0.00711076 0.02 
0.48 1.11765 -0.0294684 0.02 
0.5 1.11683 -0.0518143 0.02 
0.52 1.11557 -0.0741395 0.02 
0.54 1.11387 -0.096435 0.02 
0.56 1.11172 -0.118692 0.02 
0.58 1.10912 -0.140901 0.02 
0.6 1.10608 -0.163055 0.02 
0.62 1.1026 -0.185142 0.02 
0.64 1.09867 -0.207156 0.02 
0.66 1.09431 -0.229087 0.02 
0.68 1.08951 -0.250927 0.02 
0.7 1.08428 -0.272666 0.02 
0.72 1.07861 -0.294295 0.02 
0.74 1.0725 -0.315808 0.02 
0.76 1.06597 -0.337193 0.02 
0.78 1.05902 -0.358444 0.02 
0.8 1.05164 -0.379552 0.02 
0.82 1.04384 -0.400508 0.02 
0.84 1.03562 -0.421303 0.02 
0.86 1.02698 -0.44193 0.02 
0.88 1.01794 -0.462381 0.02 
0.9 1.00849 -0.482646 0.02 
0.92 0.998636 -0.502718 0.02 
0.94 0.988383 -0.52259 0.02 
0.96 0.977734 -0.542252 0.02 
0.98 0.966694 -0.561697 0.02 
1 0.955267 -0.580918 0.02 
1.02 0.943458 -0.599906 0.02 
1.04 0.931272 -0.618654 0.02 
1.06 0.918713 -0.637155 0.02 
1.08 0.905787 -0.655401 0.02 
1.1 0.892499 -0.673384 0.02 
1.12 0.878853 -0.691099 0.02 
1.14 0.864856 -0.708537 0.02 
1.16 0.850513 -0.725691 0.02 
1.18 0.83583 -0.742556 0.02 
1.2 0.820812 -0.759123 0.02 
1.22 0.805466 -0.775386 0.02 
1.24 0.789798 -0.79134 0.02 
1.26 0.773814 -0.806977 0.02 
1.28 0.757521 -0.822291 0.02 
1.3 0.740924 -0.837276 0.02 
1.32 0.724032 -0.851926 0.02 
1.34 0.706849 -0.866236 0.02 
1.36 0.689384 -0.880199 0.02 
1.38 0.671643 -0.89381 0.02 
1.4 0.653633 -0.907063 0.02 
1.42 0.635362 -0.919954 0.02 
1.44 0.616837 -0.932477 0.02 
1.46 0.598065 -0.944626 0.02 
1.48 0.579054 -0.956398 0.02 
1.5 0.559811 -0.967787 0.02 
1.52 0.540344 -0.978789 0.02 
1.54 0.520661 -0.9894 0.02 
1.56 0.50077 -0.999615 0.02 
1.58 0.480679 -1.00943 0.02 
1.6 0.460395 -1.01884 0.02 
1.62 0.439927 -1.02784 0.02 
1.64 0.419283 -1.03644 0.02 
1.66 0.398472 -1.04462 0.02 
1.68 0.377501 -1.05238 0.02 
1.7 0.356379 -1.05971 0.02 
1.72 0.335114 -1.06663 0.02 
1.74 0.313716 -1.07312 0.02 
1.76 0.292192 -1.07918 0.02 
1.78 0.270551 -1.08481 0.02 
1.8 0.248802 -1.09 0.02 
1.82 0.226953 -1.09476 0.02 
1.84 0.205014 -1.09908 0.02 
1.86 0.182992 -1.10296 0.02 
1.88 0.160898 -1.1064 0.02 
1.9 0.138739 -1.10939 0.02 
1.92 0.116524 -1.11195 0.02 
1.94 0.094263 -1.11405 0.02 
1.96 0.0719642 -1.11572 0.02 
1.98 0.0496366 -1.11693 0.02 
2 0.0272891 -1.1177 0.02 
2.02 0.00493077 -1.11802 0.02 
2.04 -0.0174296 -1.1179 0.02 
2.06 -0.0397829 -1.11733 0.02 
2.08 -0.0621204 -1.11631 0.02 
2.1 -0.084433 -1.11484 0.02 
2.12 -0.106712 -1.11293 0.02 
2.14 -0.128948 -1.11057 0.02 
2.16 -0.151133 -1.10777 0.02 
2.18 -0.173257 -1.10453 0.02 
2.2 -0.195311 -1.10084 0.02 
2.22 -0.217288 -1.09672 0.02 
2.24 -0.239178 -1.09215 0.02 
2.26 -0.260972 -1.08715 0.02 
2.28 -0.282662 -1.08171 0.02 
2.3 -0.304238 -1.07584 0.02 
2.32 -0.325693 -1.06954 0.02 
2.34 -0.347018 -1.06282 0.02 
2.36 -0.368204 -1.05566 0.02 
2.38 -0.389242 -1.04809 0.02 
2.4 -0.410125 -1.0401 0.02 
2.42 -0.430844 -1.03169 0.02 
2.44 -0.451391 -1.02286 0.02 
2.46 -0.471757 -1.01363 0.02 
2.48 -0.491934 -1.00399 0.02 
2.5 -0.511914 -0.993954 0.02 
2.52 -0.53169 -0.983517 0.02 
2.54 -0.551253 -0.972687 0.02 
2.56 -0.570596 -0.961468 0.02 
2.58 -0.58971 -0.949865 0.02 
2.6 -0.608588 -0.937881 0.02 
2.62 -0.627223 -0.925522 0.02 
2.64 -0.645607 -0.912794 0.02 
2.66 -0.663733 -0.899699 0.02 
2.68 -0.681594 -0.886246 0.02 
2.7 -0.699181 -0.872437 0.02 
2.72 -0.716489 -0.85828 0.02 
2.74 -0.733511 -0.843779 0.02 
2.76 -0.750239 -0.828941 0.02 
2.78 -0.766667 -0.813771 0.02 
2.8 -0.782788 -0.798276 0.02 
2.82 -0.798596 -0.782461 0.02 
2.84 -0.814085 -0.766333 0.02 
2.86 -0.829248 -0.749899 0.02 
2.88 -0.844079 -0.733165 0.02 
2.9 -0.858573 -0.716138 0.02 
2.92 -0.872723 -0.698824 0.02 
2.94 -0.886525 -0.681231 0.02 
2.96 -0.899971 -0.663365 0.02 
2.98 -0.913058 -0.645233 0.02 
3 -0.925779 -0.626844 0.02 
3.02 -0.93813 -0.608204 0.02 
3.04 -0.950106 -0.589321 0.02 
3.06 -0.961702 -0.570202 0.02 
3.08 -0.972913 -0.550855 0.02 
3.1 -0.983735 -0.531287 0.02 
3.12 -0.994164 -0.511507 0.02 
3.14 -1.00419 -0.491523 0.02 
3.16 -1.01382 -0.471341 0.02 
3.18 -1.02305 -0.450972 0.02 
3.2 -1.03186 -0.430422 0.02 
3.22 -1.04026 -0.409699 0.02 
3.24 -1.04825 -0.388813 0.02 
3.26 -1.05581 -0.367772 0.02 
3.28 -1.06296 -0.346583 0.02 
3.3 -1.06968 -0.325255 0.02 
3.32 -1.07597 -0.303798 0.02 
3.34 -1.08183 -0.282219 0.02 
3.36 -1.08726 -0.260527 0.02 
3.38 -1.09225 -0.238731 0.02 
3.4 -1.09681 -0.216839 0.02 
3.42 -1.10092 -0.194861 0.02 
3.44 -1.1046 -0.172804 0.02 
3.46 -1.10783 -0.150679 0.02 
3.48 -1.11063 -0.128493 0.02 
3.5 -1.11297 -0.106256 0.02 
3.52 -1.11488 -0.0839764 0.02 
3.54 -1.11633 -0.0616632 0.02 
3.56 -1.11734 -0.0393253 0.02 
3.58 -1.11791 -0.0169717 0.02 
3.6 -1.11802 0.00538866 0.02 
3.62 -1.11769 0.0277469 0.02 
3.64 -1.11691 0.050094 0.02 
3.66 -1.11569 0.0724211 0.02 
3.68 -1.11401 0.0947193 0.02 
3.7 -1.1119 0.116979 0.02 
3.72 -1.10934 0.139193 0.02 
3.74 -1.10633 0.161351 0.02 
3.76 -1.10288 0.183444 0.02 
3.78 -1.09899 0.205464 0.02 
3.8 -1.09466 0.227401 0.02 
3.82 -1.0899 0.249248 0.02 
3.84 -1.08469 0.270995 0.02 
3.86 -1.07906 0.292634 0.02 
3.88 -1.07299 0.314155 0.02 
3.9 -1.06649 0.335551 0.02 
3.92 -1.05957 0.356813 0.02 
3.94 -1.05222 0.377932 0.02 
3.96 -1.04445 0.3989 0.02 
3.98 -1.03627 0.419708 0.02 
4 -1.02766 0.440348 0.02 
4.02 -1.01865 0.460812 0.02 
4.04 -1.00923 0.481092 0.02 
4.06 -0.99941 0.50118 0.02 
4.08 -0.989187 0.521067 0.02 
4.1 -0.978568 0.540745 0.02 
4.12 -0.967558 0.560207 0.02 
4.14 -0.956161 0.579446 0.02 
4.16 -0.944382 0.598452 0.02 
4.18 -0.932224 0.617219 0.02 
4.2 -0.919694 0.635739 0.02 
4.22 -0.906796 0.654005 0.02 
4.24 -0.893535 0.672009 0.02 
4.26 -0.879917 0.689745 0.02 
4.28 -0.865947 0.707204 0.02 
4.3 -0.85163 0.724381 0.02 
4.32 -0.836973 0.741268 0.02 
4.34 -0.821981 0.757858 0.02 
4.36 -0.80666 0.774145 0.02 
4.38 -0.791017 0.790123 0.02 
4.4 -0.775057 0.805784 0.02 
4.42 -0.758787 0.821123 0.02 
4.44 -0.742214 0.836134 0.02 
4.46 -0.725343 0.850811 0.02 
4.48 -0.708183 0.865147 0.02 
4.5 -0.690739 0.879136 0.02 
4.52 -0.673019 0.892775 0.02 
4.54 -0.65503 0.906056 0.02 
4.56 -0.636779 0.918975 0.02 
4.58 -0.618273 0.931526 0.02 
4.6 -0.59952 0.943704 0.02 
4.62 -0.580527 0.955505 0.02 
4.64 -0.561301 0.966924 0.02 
4.66 -0.541851 0.977956 0.02 
4.68 -0.522185 0.988597 0.02 
4.7 -0.50231 0.998843 0.02 
4.72 -0.482233 1.00869 0.02 
4.74 -0.461964 1.01813 0.02 
4.76 -0.44151 1.02717 0.02 
4.78 -0.420879 1.03579 0.02 
4.8 -0.400081 1.044 0.02 
4.82 -0.379122 1.05179 0.02 
4.84 -0.358011 1.05916 0.02 
4.86 -0.336757 1.06611 0.02 
4.88 -0.315369 1.07263 0.02 
4.9 -0.293854 1.07873 0.02 
4.92 -0.272222 1.08439 0.02 
4.94 -0.25048 1.08962 0.02 
4.96 -0.228639 1.09441 0.02 
4.98 -0.206706 1.09876 0.02 
5 -0.184691 1.10267 0.02 
5.02 -0.162602 1.10615 0.02 
5.04 -0.140447 1.10918 0.02 
5.06 -0.118237 1.11177 0.02 
5.08 -0.0959789 1.11391 0.02 
5.1 -0.0736827 1.1156 0.02 
5.12 -0.051357 1.11685 0.02 
5.14 -0.0290107 1.11766 0.02 
5.16 -0.00665288 1.11801 0.02 
5.18 0.0157076 1.11792 0.02 
5.2 0.0380619 1.11739 0.02 
5.22 0.0604009 1.1164 0.02 
5.24 0.0827157 1.11497 0.02 
5.26 0.104997 1.11309 0.02 
5.28 0.127237 1.11077 0.02 
5.3 0.149426 1.108 0.02 
5.32 0.171555 1.10479 0.02 
5.34 0.193616 1.10114 0.02 
5.36 0.215599 1.09705 0.02 
5.38 0.237495 1.09252 0.02 
5.4 0.259297 1.08755 0.02 
5.42 0.280995 1.08215 0.02 
5.44 0.302581 1.07631 0.02 
5.46 0.324046 1.07004 0.02 
5.48 0.345381 1.06335 0.02 
5.5 0.366578 1.05623 0.02 
5.52 0.387628 1.04869 0.02 
5.54 0.408523 1.04073 0.02 
5.56 0.429255 1.03235 0.02 
5.58 0.449815 1.02356 0.02 
5.6 0.470195 1.01436 0.02 
5.62 0.490387 1.00475 0.02 
5.64 0.510383 0.994742 0.02 
5.66 0.530175 0.984336 0.02 
5.68 0.549754 0.973536 0.02 
5.7 0.569114 0.962347 0.02 
5.72 0.588246 0.950772 0.02 
5.74 0.607143 0.938818 0.02 
5.76 0.625797 0.926488 0.02 
5.78 0.644201 0.913787 0.02 
5.8 0.662347 0.900721 0.02 
5.82 0.680228 0.887295 0.02 
5.84 0.697837 0.873513 0.02 
5.86 0.715167 0.859383 0.02 
5.88 0.73221 0.844908 0.02 
5.9 0.748961 0.830096 0.02 
5.92 0.765413 0.814951 0.02 
5.94 0.781558 0.799481 0.02 
5.96 0.79739 0.78369 0.02 
5.98 0.812904 0.767587 0.02 
6 0.828092 0.751176 0.02 
6.02 0.842949 0.734465 0.02 
6.04 0.857469 0.71746 0.02 
6.06 0.871646 0.700168 0.02 
6.08 0.885475 0.682596 0.02 
6.1 0.898949 0.66475 0.02 
6.12 0.912063 0.646639 0.02 
6.14 0.924813 0.62827 0.02 
6.16 0.937193 0.609649 0.02 
6.18 0.949198 0.590784 0.02 
6.2 0.960823 0.571683 0.02 
6.22 0.972064 0.552353 0.02 
6.24 0.982916 0.532802 0.02 
6.26 0.993375 0.513038 0.02 
6.28 1.00344 0.493069 0.02 
6.3 1.0131 0.472903 0.02 
6.32 1.02235 0.452547 0.02 
6.34 1.0312 0.432011 0.02 
6.36 1.03963 0.411301 0.02 
6.38 1.04765 0.390428 0.02 
6.4 1.05525 0.369398 0.02 
6.42 1.06242 0.34822 0.02 
6.44 1.06918 0.326903 0.02 
6.46 1.0755 0.305455 0.02 
6.48 1.08139 0.283885 0.02 
6.5 1.08685 0.262201 0.02 
6.52 1.09188 0.240413 0.02 
6.54 1.09647 0.218528 0.02 
6.56 1.10062 0.196556 0.02 
6.58 1.10433 0.174506 0.02 
6.6 1.1076 0.152385 0.02 
6.62 1.11043 0.130204 0.02 
6.64 1.11281 0.10797 0.02 
6.66 1.11475 0.0856936 0.02 
6.68 1.11624 0.0633827 0.02 
6.7 1.11728 0.0410464 0.02 
6.72 1.11788 0.0186937 0.02 
6.74 1.11803 -0.00366654 0.02 
6.76 1.11773 -0.0260253 0.02 
6.78 1.11699 -0.0483736 0.02 
6.8 1.1158 -0.0707026 0.02 
6.82 1.11416 -0.0930032 0.02 
6.84 1.11208 -0.115267 0.02 
6.86 1.10955 -0.137484 0.02 
6.88 1.10658 -0.159646 0.02 
6.9 1.10316 -0.181745 0.02 
6.92 1.09931 -0.203771 0.02 
6.94 1.09501 -0.225715 0.02 
6.96 1.09028 -0.247569 0.02 
6.98 1.08511 -0.269324 0.02 
7 1.07951 -0.290971 0.02 
7.02 1.07347 -0.312502 0.02 
7.04 1.06701 -0.333908 0.02 
7.06 1.06012 -0.355181 0.02 
7.08 1.0528 -0.376311 0.02 
7.1 1.04507 -0.397291 0.02 
7.12 1.03691 -0.418111 0.02 
7.14 1.02834 -0.438765 0.02 
7.16 1.01936 -0.459243 0.02 
7.18 1.00997 -0.479537 0.02 
7.2 1.00018 -0.49964 0.02 
7.22 0.989989 -0.519543 0.02 
7.24 0.9794 -0.539238 0.02 
7.26 0.96842 -0.558717 0.02 
7.28 0.957053 -0.577972 0.02 
7.3 0.945303 -0.596997 0.02 
7.32 0.933174 -0.615783 0.02 
7.34 0.920673 -0.634322 0.02 
7.36 0.907803 -0.652608 0.02 
7.38 0.89457 -0.670632 0.02 
7.4 0.880979 -0.688389 0.02 
7.42 0.867035 -0.70587 0.02 
7.44 0.852745 -0.723068 0.02 
7.46 0.838114 -0.739978 0.02 
7.48 0.823148 -0.756591 0.02 
7.5 0.807852 -0.772902 0.02 
7.52 0.792233 -0.788904 0.02 
7.54 0.776297 -0.80459 0.02 
7.56 0.760051 -0.819954 0.02 
7.58 0.743501 -0.83499 0.02 
7.6 0.726653 -0.849693 0.02 
7.62 0.709515 -0.864055 0.02 
7.64 0.692093 -0.878072 0.02 
7.66 0.674394 -0.891737 0.02 
7.68 0.656425 -0.905046 0.02 
7.7 0.638194 -0.917993 0.02 
7.72 0.619707 -0.930573 0.02 
7.74 0.600973 -0.94278 0.02 
7.76 0.581998 -0.95461 0.02 
7.78 0.56279 -0.966059 0.02 
7.8 0.543357 -0.977121 0.02 
7.82 0.523707 -0.987792 0.02 
7.84 0.503848 -0.998068 0.02 
7.86 0.483787 -1.00794 0.02 
7.88 0.463532 -1.01742 0.02 
7.9 0.443092 -1.02649 0.02 
7.92 0.422475 -1.03514 0.02 
7.94 0.401688 -1.04338 0.02 
7.96 0.380741 -1.05121 0.02 
7.98 0.359642 -1.05861 0.02 
8 0.338399 -1.06559 0.02 
8.02 0.31702 -1.07215 0.02 
8.04 0.295515 -1.07827 0.02 
8.06 0.273892 -1.08397 0.02 
8.08 0.252159 -1.08923 0.02 
8.1 0.230325 -1.09405 0.02 
8.12 0.208399 -1.09844 0.02 
8.14 0.186389 -1.10239 0.02 
8.16 0.164305 -1.1059 0.02 
8.18 0.142156 -1.10896 0.02 
8.2 0.119949 -1.11158 0.02 
8.22 0.0976946 -1.11376 0.02 
8.24 0.075401 -1.11549 0.02 
8.26 0.0530773 -1.11677 0.02 
8.28 0.0307323 -1.11761 0.02 
8.3 0.00837498 -1.118 0.02 
8.32 -0.0139857 -1.11795 0.02 
8.34 -0.0363407 -1.11744 0.02 
8.36 -0.0586812 -1.11649 0.02 
8.38 -0.0809982 -1.1151 0.02 
8.4 -0.103283 -1.11325 0.02 
8.42 -0.125526 -1.11097 0.02 
8.44 -0.147719 -1.10823 0.02 
8.46 -0.169853 -1.10506 0.02 
8.48 -0.191919 -1.10144 0.02 
8.5 -0.213909 -1.09738 0.02 
8.52 -0.235812 -1.09288 0.02 
8.54 -0.257622 -1.08795 0.02 
8.56 -0.279328 -1.08258 0.02 
8.58 -0.300923 -1.07678 0.02 
8.6 -0.322397 -1.07054 0.02 
8.62 -0.343742 -1.06388 0.02 
8.64 -0.36495 -1.05679 0.02 
8.66 -0.386012 -1.04928 0.02 
8.68 -0.40692 -1.04135 0.02 
8.7 -0.427664 -1.03301 0.02 
8.72 -0.448238 -1.02425 0.02 
8.74 -0.468632 -1.01508 0.02 
8.76 -0.488839 -1.0055 0.02 
8.78 -0.50885 -0.995527 0.02 
8.8 -0.528658 -0.985151 0.02 
8.82 -0.548254 -0.974382 0.02 
8.84 -0.567631 -0.963222 0.02 
8.86 -0.586781 -0.951678 0.02 
8.88 -0.605697 -0.939752 0.02 
8.9 -0.62437 -0.927451 0.02 
8.92 -0.642793 -0.914779 0.02 
8.94 -0.660959 -0.901741 0.02 
8.96 -0.678861 -0.888342 0.02 
8.98 -0.696491 -0.874588 0.02 
9 -0.713842 -0.860484 0.02 
9.02 -0.730908 -0.846035 0.02 
9.04 -0.747682 -0.831249 0.02 
9.06 -0.764157 -0.81613 0.02 
9.08 -0.780326 -0.800684 0.02 
9.1 -0.796182 -0.784918 0.02 
9.12 -0.811721 -0.768838 0.02 
9.14 -0.826934 -0.752451 0.02 
9.16 -0.841817 -0.735762 0.02 
9.18 -0.856363 -0.71878 0.02 
9.2 -0.870567 -0.70151 0.02 
9.22 -0.884422 -0.683959 0.02 
9.24 -0.897924 -0.666135 0.02 
9.26 -0.911067 -0.648044 0.02 
9.28 -0.923845 -0.629694 0.02 
9.3 -0.936253 -0.611092 0.02 
9.32 -0.948287 -0.592245 0.02 
9.34 -0.959942 -0.573162 0.02 
9.36 -0.971212 -0.55385 0.02 
9.38 -0.982095 -0.534316 0.02 
9.4 -0.992584 -0.514568 0.02 
9.42 -1.00268 -0.494614 0.02 
9.44 -1.01237 -0.474463 0.02 
9.46 -1.02165 -0.454122 0.02 
9.48 -1.03053 -0.433599 0.02 
9.5 -1.039 -0.412902 0.02 
9.52 -1.04705 -0.392041 0.02 
9.54 -1.05468 -0.371023 0.02 
9.56 -1.06189 -0.349856 0.02 
9.58 -1.06867 -0.328549 0.02 
9.6 -1.07503 -0.307111 0.02 
9.62 -1.08096 -0.28555 0.02 
9.64 -1.08645 -0.263875 0.02 
9.66 -1.09151 -0.242095 0.02 
9.68 -1.09613 -0.220217 0.02 
9.7 -1.10032 -0.198251 0.02 
9.72 -1.10406 -0.176206 0.02 
9.74 -1.10737 -0.154091 0.02 
9.76 -1.11023 -0.131914 0.02 
9.78 -1.11264 -0.109684 0.02 
9.8 -1.11461 -0.0874106 0.02 
9.82 -1.11614 -0.065102 0.02 
9.84 -1.11722 -0.0427673 0.02 
9.86 -1.11785 -0.0204155 0.02 
9.88 -1.11803 0.00194441 0.02 
9.9 -1.11777 0.0243036 0.02 
9.92 -1.11706 0.046653 0.02 
9.94 -1.11591 0.0689838 0.02 
9.96 -1.1143 0.091287 0.02 
9.98 -1.11225 0.113554 0.02 
