0 0.5 0.5 
0.05 0.525 0.475 
0.1 0.54875 0.44875 
0.15 0.571188 0.421312 
0.2 0.592253 0.392753 
0.25 0.611891 0.36314 
0.3 0.630048 0.332546 
0.35 0.646675 0.301044 
0.4 0.661727 0.26871 
0.45 0.675163 0.235623 
0.5 0.686944 0.201865 
0.55 0.697037 0.167518 
0.6 0.705413 0.132666 
0.65 0.712046 0.0973956 
0.7 0.716916 0.0617932 
0.75 0.720006 0.0259474 
0.8 0.721303 -0.0100529 
0.85 0.720801 -0.046118 
0.9 0.718495 -0.082158 
0.95 0.714387 -0.118083 
1 0.708483 -0.153802 
1.05 0.700793 -0.189226 
1.1 0.691331 -0.224266 
1.15 0.680118 -0.258832 
1.2 0.667176 -0.292838 
1.25 0.652534 -0.326197 
1.3 0.636225 -0.358824 
1.35 0.618283 -0.390635 
1.4 0.598752 -0.421549 
1.45 0.577674 -0.451487 
1.5 0.5551 -0.480371 
1.55 0.531081 -0.508126 
1.6 0.505675 -0.53468 
1.65 0.478941 -0.559963 
1.7 0.450943 -0.58391 
1.75 0.421747 -0.606458 
1.8 0.391424 -0.627545 
1.85 0.360047 -0.647116 
1.9 0.327691 -0.665118 
1.95 0.294435 -0.681503 
2 0.26036 -0.696225 
2.05 0.225549 -0.709243 
2.1 0.190087 -0.72052 
2.15 0.154061 -0.730025 
2.2 0.11756 -0.737728 
2.25 0.0806733 -0.743606 
2.3 0.043493 -0.747639 
2.35 0.00611104 -0.749814 
2.4 -0.0313797 -0.75012 
2.45 -0.0688856 -0.748551 
2.5 -0.106313 -0.745106 
2.55 -0.143568 -0.739791 
2.6 -0.180558 -0.732612 
2.65 -0.217189 -0.723584 
2.7 -0.253368 -0.712725 
2.75 -0.289004 -0.700056 
2.8 -0.324007 -0.685606 
2.85 -0.358287 -0.669406 
2.9 -0.391758 -0.651492 
2.95 -0.424332 -0.631904 
3 -0.455927 -0.610687 
3.05 -0.486462 -0.587891 
3.1 -0.515856 -0.563568 
3.15 -0.544035 -0.537775 
3.2 -0.570923 -0.510573 
3.25 -0.596452 -0.482027 
3.3 -0.620553 -0.452204 
3.35 -0.643164 -0.421177 
3.4 -0.664222 -0.389018 
3.45 -0.683673 -0.355807 
3.5 -0.701464 -0.321624 
3.55 -0.717545 -0.286551 
3.6 -0.731872 -0.250673 
3.65 -0.744406 -0.21408 
3.7 -0.75511 -0.176859 
3.75 -0.763953 -0.139104 
3.8 -0.770908 -0.100906 
3.85 -0.775953 -0.0623608 
3.9 -0.779072 -0.0235631 
3.95 -0.78025 0.0153904 
4 -0.77948 0.0544029 
4.05 -0.77676 0.0933769 
4.1 -0.772091 0.132215 
4.15 -0.76548 0.170819 
4.2 -0.756939 0.209093 
4.25 -0.746485 0.24694 
4.3 -0.734138 0.284265 
4.35 -0.719925 0.320972 
4.4 -0.703876 0.356968 
4.45 -0.686028 0.392162 
4.5 -0.666419 0.426463 
4.55 -0.645096 0.459784 
4.6 -0.622107 0.492039 
4.65 -0.597505 0.523144 
4.7 -0.571348 0.553019 
4.75 -0.543697 0.581587 
4.8 -0.514618 0.608772 
4.85 -0.484179 0.634503 
4.9 -0.452454 0.658711 
4.95 -0.419518 0.681334 
5 -0.385452 0.70231 
5.05 -0.350336 0.721583 
5.1 -0.314257 0.739099 
5.15 -0.277302 0.754812 
5.2 -0.239561 0.768677 
5.25 -0.201128 0.780656 
5.3 -0.162095 0.790712 
5.35 -0.122559 0.798817 
5.4 -0.0826184 0.804945 
5.45 -0.0423711 0.809076 
5.5 -0.00191735 0.811194 
5.55 0.0386423 0.81129 
5.6 0.0792068 0.809358 
5.65 0.119675 0.805397 
5.7 0.159945 0.799414 
5.75 0.199915 0.791416 
5.8 0.239486 0.781421 
5.85 0.278557 0.769446 
5.9 0.317029 0.755519 
5.95 0.354805 0.739667 
6 0.391789 0.721927 
6.05 0.427885 0.702337 
6.1 0.463002 0.680943 
6.15 0.497049 0.657793 
6.2 0.529939 0.632941 
6.25 0.561586 0.606444 
6.3 0.591908 0.578364 
6.35 0.620826 0.548769 
6.4 0.648265 0.517728 
6.45 0.674151 0.485314 
6.5 0.698417 0.451607 
6.55 0.720997 0.416686 
6.6 0.741831 0.380636 
6.65 0.760863 0.343545 
6.7 0.77804 0.305501 
6.75 0.793316 0.266599 
6.8 0.806645 0.226934 
6.85 0.817992 0.186601 
6.9 0.827322 0.145702 
6.95 0.834607 0.104336 
7 0.839824 0.0626053 
7.05 0.842954 0.0206141 
7.1 0.843985 -0.0215337 
7.15 0.842908 -0.0637329 
7.2 0.839722 -0.105878 
7.25 0.834428 -0.147864 
7.3 0.827035 -0.189586 
7.35 0.817555 -0.230938 
7.4 0.806008 -0.271815 
7.45 0.792418 -0.312116 
7.5 0.776812 -0.351737 
7.55 0.759225 -0.390577 
7.6 0.739696 -0.428538 
7.65 0.718269 -0.465523 
7.7 0.694993 -0.501437 
7.75 0.669921 -0.536186 
7.8 0.643112 -0.569682 
7.85 0.614628 -0.601838 
7.9 0.584536 -0.632569 
7.95 0.552907 -0.661796 
8 0.519818 -0.689442 
8.05 0.485346 -0.715432 
8.1 0.449574 -0.7397 
8.15 0.412589 -0.762178 
8.2 0.37448 -0.782808 
8.25 0.33534 -0.801532 
8.3 0.295263 -0.818299 
8.35 0.254348 -0.833062 
8.4 0.212695 -0.845779 
8.45 0.170406 -0.856414 
8.5 0.127585 -0.864934 
8.55 0.0843386 -0.871314 
8.6 0.0407729 -0.875531 
8.65 -0.00300364 -0.877569 
8.7 -0.0468821 -0.877419 
8.75 -0.0907531 -0.875075 
8.8 -0.134507 -0.870537 
8.85 -0.178034 -0.863812 
8.9 -0.221224 -0.85491 
8.95 -0.26397 -0.843849 
9 -0.306162 -0.830651 
9.05 -0.347695 -0.815343 
9.1 -0.388462 -0.797958 
9.15 -0.42836 -0.778535 
9.2 -0.467287 -0.757117 
9.25 -0.505142 -0.733752 
9.3 -0.54183 -0.708495 
9.35 -0.577255 -0.681404 
9.4 -0.611325 -0.652541 
9.45 -0.643952 -0.621975 
9.5 -0.675051 -0.589777 
9.55 -0.70454 -0.556025 
9.6 -0.732341 -0.520798 
9.65 -0.758381 -0.484181 
9.7 -0.78259 -0.446262 
9.75 -0.804903 -0.407132 
9.8 -0.825259 -0.366887 
9.85 -0.843604 -0.325624 
9.9 -0.859885 -0.283444 
9.95 -0.874057 -0.24045 
10 -0.88608 -0.196747 
10.05 -0.895917 -0.152443 
10.1 -0.903539 -0.107647 
10.15 -0.908921 -0.0624699 
10.2 -0.912045 -0.0170238 
10.25 -0.912896 0.0285784 
10.3 -0.911467 0.0742232 
10.35 -0.907756 0.119797 
10.4 -0.901766 0.165184 
10.45 -0.893507 0.210273 
10.5 -0.882993 0.254948 
10.55 -0.870246 0.299098 
10.6 -0.855291 0.34261 
10.65 -0.838161 0.385375 
10.7 -0.818892 0.427283 
10.75 -0.797528 0.468227 
10.8 -0.774116 0.508104 
10.85 -0.748711 0.546809 
10.9 -0.721371 0.584245 
10.95 -0.692158 0.620314 
11 -0.661143 0.654921 
11.05 -0.628397 0.687979 
11.1 -0.593998 0.719398 
11.15 -0.558028 0.749098 
11.2 -0.520573 0.777 
11.25 -0.481723 0.803028 
11.3 -0.441572 0.827114 
11.35 -0.400216 0.849193 
11.4 -0.357756 0.869204 
11.45 -0.314296 0.887092 
11.5 -0.269941 0.902806 
11.55 -0.224801 0.916304 
11.6 -0.178986 0.927544 
11.65 -0.132609 0.936493 
11.7 -0.0857841 0.943123 
11.75 -0.0386279 0.947413 
11.8 0.0087427 0.949344 
11.85 0.0562099 0.948907 
11.9 0.103655 0.946096 
11.95 0.15096 0.940914 
12 0.198006 0.933366 
12.05 0.244674 0.923465 
12.1 0.290847 0.911232 
12.15 0.336409 0.896689 
12.2 0.381243 0.879869 
12.25 0.425237 0.860807 
12.3 0.468277 0.839545 
12.35 0.510254 0.816131 
12.4 0.551061 0.790618 
12.45 0.590592 0.763065 
12.5 0.628745 0.733536 
12.55 0.665422 0.702098 
12.6 0.700527 0.668827 
12.65 0.733968 0.633801 
12.7 0.765658 0.597102 
12.75 0.795513 0.55882 
12.8 0.823454 0.519044 
12.85 0.849406 0.477871 
12.9 0.8733 0.435401 
12.95 0.89507 0.391736 
13 0.914657 0.346982 
13.05 0.932006 0.30125 
13.1 0.947068 0.254649 
13.15 0.959801 0.207296 
13.2 0.970166 0.159306 
13.25 0.978131 0.110797 
13.3 0.983671 0.0618909 
13.35 0.986765 0.0127074 
13.4 0.987401 -0.0366309 
13.45 0.985569 -0.0860009 
13.5 0.981269 -0.135279 
13.55 0.974505 -0.184343 
13.6 0.965288 -0.233068 
13.65 0.953635 -0.281332 
13.7 0.939568 -0.329014 
13.75 0.923117 -0.375993 
13.8 0.904318 -0.422148 
13.85 0.88321 -0.467364 
13.9 0.859842 -0.511525 
13.95 0.834266 -0.554517 
14 0.80654 -0.59623 
14.05 0.776728 -0.636557 
14.1 0.744901 -0.675394 
14.15 0.711131 -0.712639 
14.2 0.675499 -0.748195 
14.25 0.638089 -0.78197 
14.3 0.598991 -0.813875 
14.35 0.558297 -0.843824 
14.4 0.516106 -0.871739 
14.45 0.472519 -0.897544 
14.5 0.427642 -0.92117 
14.55 0.381583 -0.942552 
14.6 0.334455 -0.961631 
14.65 0.286374 -0.978354 
14.7 0.237456 -0.992673 
14.75 0.187822 -1.00455 
14.8 0.137595 -1.01394 
14.85 0.0868984 -1.02082 
14.9 0.0358575 -1.02516 
14.95 -0.0154006 -1.02695 
15 -0.0667483 -1.02618 
15.05 -0.118058 -1.02285 
15.1 -0.1692 -1.01694 
15.15 -0.220047 -1.00848 
15.2 -0.270471 -0.997482 
15.25 -0.320345 -0.983958 
15.3 -0.369543 -0.967941 
15.35 -0.41794 -0.949464 
15.4 -0.465413 -0.928567 
15.45 -0.511842 -0.905296 
15.5 -0.557107 -0.879704 
15.55 -0.601092 -0.851849 
15.6 -0.643684 -0.821794 
15.65 -0.684774 -0.78961 
15.7 -0.724254 -0.755371 
15.75 -0.762023 -0.719158 
15.8 -0.797981 -0.681057 
15.85 -0.832034 -0.641158 
15.9 -0.864092 -0.599557 
15.95 -0.89407 -0.556352 
16 -0.921887 -0.511648 
16.05 -0.94747 -0.465554 
16.1 -0.970747 -0.418181 
16.15 -0.991656 -0.369643 
16.2 -1.01014 -0.32006 
16.25 -1.02614 -0.269554 
16.3 -1.03962 -0.218246 
16.35 -1.05053 -0.166266 
16.4 -1.05884 -0.113739 
16.45 -1.06453 -0.0607967 
16.5 -1.06757 -0.00757011 
16.55 -1.06795 0.0458085 
16.6 -1.06566 0.099206 
16.65 -1.0607 0.152489 
16.7 -1.05307 0.205524 
16.75 -1.0428 0.258178 
16.8 -1.02989 0.310318 
16.85 -1.01437 0.361812 
16.9 -0.996283 0.412531 
16.95 -0.975657 0.462345 
17 -0.95254 0.511128 
17.05 -0.926983 0.558755 
17.1 -0.899045 0.605104 
17.15 -0.86879 0.650056 
17.2 -0.836287 0.693496 
17.25 -0.801613 0.73531 
17.3 -0.764847 0.775391 
17.35 -0.726078 0.813633 
17.4 -0.685396 0.849937 
17.45 -0.642899 0.884207 
17.5 -0.598689 0.916352 
17.55 -0.552871 0.946286 
17.6 -0.505557 0.97393 
17.65 -0.45686 0.999208 
17.7 -0.4069 1.02205 
17.75 -0.355797 1.0424 
17.8 -0.303678 1.06019 
17.85 -0.250668 1.07537 
17.9 -0.1969 1.0879 
17.95 -0.142505 1.09775 
18 -0.0876174 1.10487 
18.05 -0.0323738 1.10925 
18.1 0.0230889 1.11087 
18.15 0.0786325 1.10972 
18.2 0.134118 1.10579 
18.25 0.189408 1.09908 
18.3 0.244362 1.08961 
18.35 0.298842 1.07739 
18.4 0.352712 1.06245 
18.45 0.405834 1.04481 
18.5 0.458075 1.02452 
18.55 0.509301 1.00162 
18.6 0.559382 0.976154 
18.65 0.60819 0.948185 
18.7 0.655599 0.917775 
18.75 0.701488 0.884995 
18.8 0.745738 0.849921 
18.85 0.788234 0.812634 
18.9 0.828865 0.773222 
18.95 0.867527 0.731779 
19 0.904115 0.688403 
19.05 0.938536 0.643197 
19.1 0.970695 0.59627 
19.15 1.00051 0.547735 
19.2 1.0279 0.49771 
19.25 1.05278 0.446315 
19.3 1.0751 0.393676 
19.35 1.09478 0.339921 
19.4 1.11178 0.285182 
19.45 1.12604 0.229593 
19.5 1.13752 0.173292 
19.55 1.14618 0.116416 
19.6 1.152 0.0591068 
19.65 1.15496 0.00150672 
19.7 1.15503 -0.0562411 
19.75 1.15222 -0.113993 
19.8 1.14652 -0.171604 
19.85 1.13794 -0.22893 
19.9 1.12649 -0.285827 
19.95 1.1122 -0.342151 
20 1.09509 -0.397761 
20.05 1.07521 -0.452516 
20.1 1.05258 -0.506276 
20.15 1.02727 -0.558905 
20.2 0.999321 -0.610269 
20.25 0.968808 -0.660235 
20.3 0.935796 -0.708675 
20.35 0.900362 -0.755465 
20.4 0.862589 -0.800483 
20.45 0.822565 -0.843613 
20.5 0.780384 -0.884741 
20.55 0.736147 -0.92376 
20.6 0.689959 -0.960568 
20.65 0.641931 -0.995065 
20.7 0.592178 -1.02716 
20.75 0.54082 -1.05677 
20.8 0.487981 -1.08381 
20.85 0.43379 -1.10821 
20.9 0.37838 -1.1299 
20.95 0.321885 -1.14882 
21 0.264444 -1.16491 
21.05 0.206198 -1.17814 
21.1 0.147291 -1.18845 
21.15 0.0878692 -1.19581 
21.2 0.0280786 -1.2002 
21.25 -0.0319316 -1.20161 
21.3 -0.0920119 -1.20001 
21.35 -0.152013 -1.19541 
21.4 -0.211783 -1.18781 
21.45 -0.271174 -1.17722 
21.5 -0.330035 -1.16366 
21.55 -0.388218 -1.14716 
21.6 -0.445576 -1.12775 
21.65 -0.501963 -1.10547 
21.7 -0.557237 -1.08037 
21.75 -0.611255 -1.05251 
21.8 -0.663881 -1.02195 
21.85 -0.714978 -0.988754 
21.9 -0.764416 -0.953005 
21.95 -0.812066 -0.914784 
22 -0.857805 -0.874181 
22.05 -0.901514 -0.831291 
22.1 -0.943079 -0.786215 
22.15 -0.98239 -0.739061 
22.2 -1.01934 -0.689941 
22.25 -1.05384 -0.638974 
22.3 -1.08579 -0.586282 
22.35 -1.1151 -0.531993 
22.4 -1.1417 -0.476238 
22.45 -1.16551 -0.419153 
22.5 -1.18647 -0.360877 
22.55 -1.20452 -0.301553 
22.6 -1.21959 -0.241328 
22.65 -1.23166 -0.180348 
22.7 -1.24068 -0.118765 
22.75 -1.24662 -0.0567311 
22.8 -1.24945 0.00559972 
22.85 -1.24917 0.0680723 
22.9 -1.24577 0.130531 
22.95 -1.23924 0.192819 
23 -1.2296 0.254781 
23.05 -1.21686 0.316261 
23.1 -1.20105 0.377105 
23.15 -1.18219 0.437157 
23.2 -1.16034 0.496267 
23.25 -1.13552 0.554283 
23.3 -1.10781 0.61106 
23.35 -1.07726 0.66645 
23.4 -1.04393 0.720313 
23.45 -1.00792 0.772509 
23.5 -0.969292 0.822905 
23.55 -0.928146 0.87137 
23.6 -0.884578 0.917777 
23.65 -0.838689 0.962006 
23.7 -0.790589 1.00394 
23.75 -0.740392 1.04347 
23.8 -0.688218 1.08049 
23.85 -0.634194 1.1149 
23.9 -0.578449 1.14661 
23.95 -0.521118 1.17553 
24 -0.462342 1.20159 
24.05 -0.402262 1.22471 
24.1 -0.341027 1.24482 
24.15 -0.278786 1.26187 
24.2 -0.215692 1.27581 
24.25 -0.151902 1.28659 
24.3 -0.0875722 1.29419 
24.35 -0.0228628 1.29857 
24.4 0.0420656 1.29971 
24.45 0.107051 1.29761 
24.5 0.171931 1.29225 
24.55 0.236544 1.28366 
24.6 0.300727 1.27183 
24.65 0.364319 1.25679 
24.7 0.427158 1.23858 
24.75 0.489087 1.21722 
24.8 0.549948 1.19277 
24.85 0.609587 1.16527 
24.9 0.66785 1.13479 
24.95 0.72459 1.1014 
25 0.77966 1.06517 
25.05 0.832918 1.02618 
25.1 0.884227 0.984539 
25.15 0.933454 0.940328 
25.2 0.98047 0.893655 
25.25 1.02515 0.844631 
25.3 1.06738 0.793374 
25.35 1.10705 0.740004 
25.4 1.14405 0.684652 
25.45 1.17829 0.627449 
25.5 1.20966 0.568535 
25.55 1.23809 0.508052 
25.6 1.26349 0.446147 
25.65 1.2858 0.382973 
25.7 1.30494 0.318683 
25.75 1.32088 0.253436 
25.8 1.33355 0.187392 
25.85 1.34292 0.120715 
25.9 1.34896 0.0535687 
25.95 1.35163 -0.013879 
26 1.35094 -0.0814607 
26.05 1.34687 -0.149008 
26.1 1.33942 -0.216351 
26.15 1.3286 -0.283322 
26.2 1.31443 -0.349752 
26.25 1.29695 -0.415473 
26.3 1.27617 -0.480321 
26.35 1.25216 -0.544129 
26.4 1.22495 -0.606737 
26.45 1.19461 -0.667985 
26.5 1.16121 -0.727715 
26.55 1.12483 -0.785776 
26.6 1.08554 -0.842017 
26.65 1.04344 -0.896294 
26.7 0.998623 -0.948466 
26.75 0.9512 -0.998397 
26.8 0.90128 -1.04596 
26.85 0.848982 -1.09102 
26.9 0.794431 -1.13347 
26.95 0.737757 -1.17319 
27 0.679098 -1.21008 
27.05 0.618594 -1.24403 
27.1 0.556392 -1.27496 
27.15 0.492644 -1.30278 
27.2 0.427505 -1.32742 
27.25 0.361134 -1.34879 
27.3 0.293694 -1.36685 
27.35 0.225352 -1.38153 
27.4 0.156275 -1.3928 
27.45 0.0866352 -1.40061 
27.5 0.0166045 -1.40495 
27.55 -0.0536428 -1.40578 
27.6 -0.123932 -1.40309 
27.65 -0.194086 -1.3969 
27.7 -0.263931 -1.38719 
27.75 -0.333291 -1.374 
27.8 -0.401991 -1.35733 
27.85 -0.469857 -1.33723 
27.9 -0.536719 -1.31374 
27.95 -0.602406 -1.2869 
28 -0.666751 -1.25678 
28.05 -0.72959 -1.22345 
28.1 -0.790762 -1.18697 
28.15 -0.850111 -1.14743 
28.2 -0.907482 -1.10492 
28.25 -0.962728 -1.05955 
28.3 -1.01571 -1.01141 
28.35 -1.06628 -0.960627 
28.4 -1.11431 -0.907313 
28.45 -1.15967 -0.851597 
28.5 -1.20225 -0.793614 
28.55 -1.24193 -0.733501 
28.6 -1.27861 -0.671404 
28.65 -1.31218 -0.607474 
28.7 -1.34255 -0.541865 
28.75 -1.36965 -0.474737 
28.8 -1.39338 -0.406255 
28.85 -1.4137 -0.336586 
28.9 -1.43052 -0.265901 
28.95 -1.44382 -0.194375 
29 -1.45354 -0.122184 
29.05 -1.45965 -0.0495071 
29.1 -1.46212 0.0234753 
29.15 -1.46095 0.0965815 
29.2 -1.45612 0.169629 
29.25 -1.44764 0.242435 
29.3 -1.43552 0.314817 
29.35 -1.41978 0.386593 
29.4 -1.40045 0.457582 
29.45 -1.37757 0.527604 
29.5 -1.35119 0.596482 
29.55 -1.32136 0.664042 
29.6 -1.28816 0.73011 
29.65 -1.25166 0.794518 
29.7 -1.21193 0.857101 
29.75 -1.16907 0.917697 
29.8 -1.12319 0.976151 
29.85 -1.07438 1.03231 
29.9 -1.02277 1.08603 
29.95 -0.968465 1.13717 
30 -0.911607 1.18559 
30.05 -0.852327 1.23117 
30.1 -0.790769 1.27379 
30.15 -0.727079 1.31333 
30.2 -0.661413 1.34968 
30.25 -0.593929 1.38275 
30.3 -0.524792 1.41245 
30.35 -0.454169 1.43869 
30.4 -0.382235 1.4614 
30.45 -0.309165 1.48051 
30.5 -0.23514 1.49597 
30.55 -0.160341 1.50772 
30.6 -0.0849553 1.51574 
30.65 -0.00916836 1.51999 
30.7 0.066831 1.52045 
30.75 0.142853 1.5171 
30.8 0.218709 1.50996 
30.85 0.294207 1.49903 
30.9 0.369158 1.48432 
30.95 0.443374 1.46586 
31 0.516667 1.44369 
31.05 0.588851 1.41786 
31.1 0.659744 1.38841 
31.15 0.729164 1.35543 
31.2 0.796936 1.31897 
31.25 0.862884 1.27912 
31.3 0.92684 1.23598 
31.35 0.988639 1.18963 
31.4 1.04812 1.1402 
31.45 1.10513 1.0878 
31.5 1.15952 1.03254 
31.55 1.21115 0.974564 
31.6 1.25988 0.914007 
31.65 1.30558 0.851013 
31.7 1.34813 0.785734 
31.75 1.38741 0.718328 
31.8 1.42333 0.648957 
31.85 1.45578 0.577791 
31.9 1.48467 0.505002 
31.95 1.50992 0.430768 
32 1.53146 0.355273 
32.05 1.54922 0.2787 
32.1 1.56315 0.201239 
32.15 1.57322 0.123081 
32.2 1.57937 0.0444202 
32.25 1.58159 -0.0345483 
32.3 1.57986 -0.113628 
32.35 1.57418 -0.192621 
32.4 1.56455 -0.27133 
32.45 1.55099 -0.349558 
32.5 1.53351 -0.427107 
32.55 1.51215 -0.503782 
32.6 1.48696 -0.57939 
32.65 1.45799 -0.653738 
32.7 1.42531 -0.726638 
32.75 1.38897 -0.797903 
32.8 1.34908 -0.867352 
32.85 1.30571 -0.934806 
32.9 1.25897 -1.00009 
32.95 1.20897 -1.06304 
33 1.15582 -1.12349 
33.05 1.09964 -1.18128 
33.1 1.04058 -1.23626 
33.15 0.978764 -1.28829 
33.2 0.914349 -1.33723 
33.25 0.847488 -1.38295 
33.3 0.77834 -1.42532 
33.35 0.707074 -1.46424 
33.4 0.633862 -1.49959 
33.45 0.558883 -1.53128 
33.5 0.482319 -1.55923 
33.55 0.404357 -1.58334 
33.6 0.32519 -1.60356 
33.65 0.245012 -1.61982 
33.7 0.164021 -1.63207 
33.75 0.0824174 -1.64027 
33.8 0.000403728 -1.64439 
33.85 -0.081816 -1.64441 
33.9 -0.164037 -1.64032 
33.95 -0.246053 -1.63212 
34 -0.327659 -1.61982 
34.05 -0.40865 -1.60344 
34.1 -0.488822 -1.583 
34.15 -0.567972 -1.55856 
34.2 -0.6459 -1.53016 
34.25 -0.722408 -1.49787 
34.3 -0.797302 -1.46175 
34.35 -0.870389 -1.42188 
34.4 -0.941483 -1.37836 
34.45 -1.0104 -1.33129 
34.5 -1.07697 -1.28077 
34.55 -1.141 -1.22692 
34.6 -1.20235 -1.16987 
34.65 -1.26084 -1.10975 
34.7 -1.31633 -1.04671 
34.75 -1.36867 -0.980895 
34.8 -1.41771 -0.912461 
34.85 -1.46333 -0.841576 
34.9 -1.50541 -0.768409 
34.95 -1.54383 -0.693138 
35 -1.57849 -0.615947 
35.05 -1.60929 -0.537022 
35.1 -1.63614 -0.456558 
35.15 -1.65897 -0.374751 
35.2 -1.6777 -0.291802 
35.25 -1.6923 -0.207917 
35.3 -1.70269 -0.123302 
35.35 -1.70886 -0.0381678 
35.4 -1.71076 0.047275 
35.45 -1.7084 0.132813 
35.5 -1.70176 0.218233 
35.55 -1.69085 0.303321 
35.6 -1.67568 0.387864 
35.65 -1.65629 0.471648 
35.7 -1.63271 0.554462 
35.75 -1.60498 0.636098 
35.8 -1.57318 0.716347 
35.85 -1.53736 0.795006 
35.9 -1.49761 0.871874 
35.95 -1.45402 0.946754 
36 -1.40668 1.01946 
36.05 -1.35571 1.08979 
36.1 -1.30122 1.15757 
36.15 -1.24334 1.22264 
36.2 -1.18221 1.2848 
36.25 -1.11797 1.34391 
36.3 -1.05077 1.39981 
36.35 -0.980781 1.45235 
36.4 -0.908163 1.50139 
36.45 -0.833094 1.5468 
36.5 -0.755754 1.58845 
36.55 -0.676331 1.62624 
36.6 -0.595019 1.66006 
36.65 -0.512017 1.68981 
36.7 -0.427526 1.71541 
36.75 -0.341756 1.73678 
36.8 -0.254917 1.75387 
36.85 -0.167223 1.76662 
36.9 -0.0788922 1.77498 
36.95 0.00985669 1.77892 
37 0.0988029 1.77843 
37.05 0.187724 1.77349 
37.1 0.276399 1.7641 
37.15 0.364604 1.75028 
37.2 0.452118 1.73205 
37.25 0.538721 1.70945 
37.3 0.624193 1.68251 
37.35 0.708319 1.6513 
37.4 0.790884 1.61589 
37.45 0.871678 1.57634 
37.5 0.950496 1.53276 
37.55 1.02713 1.48523 
37.6 1.1014 1.43388 
37.65 1.17309 1.37881 
37.7 1.24203 1.32015 
37.75 1.30804 1.25805 
37.8 1.37094 1.19265 
37.85 1.43057 1.1241 
37.9 1.48678 1.05257 
37.95 1.53941 0.978235 
38 1.58832 0.901265 
38.05 1.63338 0.821849 
38.1 1.67447 0.74018 
38.15 1.71148 0.656456 
38.2 1.7443 0.570882 
38.25 1.77285 0.483667 
38.3 1.79703 0.395024 
38.35 1.81678 0.305173 
38.4 1.83204 0.214333 
38.45 1.84276 0.122731 
38.5 1.8489 0.0305933 
38.55 1.85043 -0.0618514 
38.6 1.84733 -0.154373 
38.65 1.83961 -0.246739 
38.7 1.82728 -0.33872 
38.75 1.81034 -0.430084 
38.8 1.78884 -0.520601 
38.85 1.76281 -0.610043 
38.9 1.7323 -0.698183 
38.95 1.6974 -0.784798 
39 1.65816 -0.869668 
39.05 1.61467 -0.952576 
39.1 1.56704 -1.03331 
39.15 1.51538 -1.11166 
39.2 1.45979 -1.18743 
39.25 1.40042 -1.26042 
39.3 1.3374 -1.33044 
39.35 1.27088 -1.39731 
39.4 1.20101 -1.46086 
39.45 1.12797 -1.52091 
39.5 1.05193 -1.5773 
39.55 0.973061 -1.6299 
39.6 0.891566 -1.67855 
39.65 0.807638 -1.72313 
39.7 0.721482 -1.76351 
39.75 0.633306 -1.79959 
39.8 0.543327 -1.83125 
39.85 0.451764 -1.85842 
39.9 0.358843 -1.88101 
39.95 0.264793 -1.89895 
40 0.169845 -1.91219 
40.05 0.0742355 -1.92068 
40.1 -0.0217986 -1.92439 
40.15 -0.118018 -1.9233 
40.2 -0.214184 -1.9174 
40.25 -0.310054 -1.90669 
40.3 -0.405388 -1.89119 
40.35 -0.499948 -1.87092 
40.4 -0.593494 -1.84592 
40.45 -0.68579 -1.81625 
40.5 -0.776603 -1.78196 
40.55 -0.865701 -1.74313 
40.6 -0.952857 -1.69985 
40.65 -1.03785 -1.6522 
40.7 -1.12046 -1.60031 
40.75 -1.20048 -1.54429 
40.8 -1.27769 -1.48426 
40.85 -1.3519 -1.42038 
40.9 -1.42292 -1.35278 
40.95 -1.49056 -1.28164 
41 -1.55464 -1.20711 
41.05 -1.615 -1.12938 
41.1 -1.67147 -1.04863 
41.15 -1.7239 -0.965054 
41.2 -1.77215 -0.878859 
41.25 -1.81609 -0.790252 
41.3 -1.85561 -0.699447 
41.35 -1.89058 -0.606667 
41.4 -1.92091 -0.512138 
41.45 -1.94652 -0.416092 
41.5 -1.96732 -0.318766 
41.55 -1.98326 -0.2204 
41.6 -1.99428 -0.121237 
41.65 -2.00034 -0.0215226 
41.7 -2.00142 0.0784946 
41.75 -1.9975 0.178566 
41.8 -1.98857 0.27844 
41.85 -1.97465 0.377869 
41.9 -1.95575 0.476601 
41.95 -1.93192 0.574389 
42 -1.9032 0.670985 
42.05 -1.86965 0.766145 
42.1 -1.83135 0.859627 
42.15 -1.78836 0.951195 
42.2 -1.7408 1.04061 
42.25 -1.68877 1.12765 
42.3 -1.63239 1.21209 
42.35 -1.57179 1.29371 
42.4 -1.5071 1.3723 
42.45 -1.43849 1.44766 
42.5 -1.3661 1.51958 
42.55 -1.29012 1.58789 
42.6 -1.21073 1.65239 
42.65 -1.12811 1.71293 
42.7 -1.04246 1.76933 
42.75 -0.953997 1.82146 
42.8 -0.862925 1.86916 
42.85 -0.769467 1.9123 
42.9 -0.673852 1.95078 
42.95 -0.576313 1.98447 
43 -0.477089 2.01328 
43.05 -0.376425 2.03714 
43.1 -0.274568 2.05596 
43.15 -0.17177 2.06969 
43.2 -0.0682857 2.07828 
43.25 0.0356281 2.08169 
43.3 0.139713 2.07991 
43.35 0.243708 2.07292 
43.4 0.347354 2.06074 
43.45 0.450391 2.04337 
43.5 0.55256 2.02085 
43.55 0.653602 1.99322 
43.6 0.753264 1.96054 
43.65 0.851291 1.92288 
43.7 0.947435 1.88032 
43.75 1.04145 1.83294 
43.8 1.1331 1.78087 
43.85 1.22214 1.72422 
43.9 1.30835 1.66311 
43.95 1.39151 1.59769 
44 1.47139 1.52812 
44.05 1.5478 1.45455 
44.1 1.62053 1.37716 
44.15 1.68938 1.29613 
44.2 1.75419 1.21166 
44.25 1.81477 1.12395 
44.3 1.87097 1.03321 
44.35 1.92263 0.939665 
44.4 1.96961 0.843533 
44.45 2.01179 0.745053 
44.5 2.04904 0.644463 
44.55 2.08127 0.542011 
44.6 2.10837 0.437947 
44.65 2.13026 0.332529 
44.7 2.14689 0.226016 
44.75 2.15819 0.118671 
44.8 2.16413 0.0107617 
44.85 2.16466 -0.0974445 
44.9 2.15979 -0.205678 
44.95 2.14951 -0.313667 
45 2.13382 -0.421143 
45.05 2.11277 -0.527834 
45.1 2.08638 -0.633472 
45.15 2.0547 -0.737791 
45.2 2.01781 -0.840526 
45.25 1.97579 -0.941417 
45.3 1.92872 -1.04021 
45.35 1.8767 -1.13664 
45.4 1.81987 -1.23048 
45.45 1.75835 -1.32147 
45.5 1.69228 -1.40939 
45.55 1.62181 -1.494 
45.6 1.54711 -1.57509 
45.65 1.46835 -1.65245 
45.7 1.38573 -1.72586 
45.75 1.29944 -1.79515 
45.8 1.20968 -1.86012 
45.85 1.11667 -1.92061 
45.9 1.02064 -1.97644 
45.95 0.921819 -2.02747 
46 0.820446 -2.07356 
46.05 0.716768 -2.11459 
46.1 0.611038 -2.15042 
46.15 0.503517 -2.18098 
46.2 0.394468 -2.20615 
46.25 0.284161 -2.22588 
46.3 0.172867 -2.24008 
46.35 0.0608627 -2.24873 
46.4 -0.0515736 -2.25177 
46.45 -0.164162 -2.24919 
46.5 -0.276622 -2.24098 
46.55 -0.388671 -2.22715 
46.6 -0.500028 -2.20772 
46.65 -0.610414 -2.18272 
46.7 -0.71955 -2.1522 
46.75 -0.82716 -2.11622 
46.8 -0.932971 -2.07486 
46.85 -1.03671 -2.02821 
46.9 -1.13812 -1.97638 
46.95 -1.23694 -1.91947 
47 -1.33292 -1.85762 
47.05 -1.4258 -1.79098 
47.1 -1.51535 -1.71969 
47.15 -1.60133 -1.64392 
47.2 -1.68353 -1.56385 
47.25 -1.76172 -1.47968 
47.3 -1.8357 -1.39159 
47.35 -1.90528 -1.29981 
47.4 -1.97027 -1.20454 
47.45 -2.0305 -1.10603 
47.5 -2.0858 -1.0045 
47.55 -2.13603 -0.900213 
47.6 -2.18104 -0.793412 
47.65 -2.22071 -0.68436 
47.7 -2.25493 -0.573324 
47.75 -2.28359 -0.460578 
47.8 -2.30662 -0.346398 
47.85 -2.32394 -0.231067 
47.9 -2.3355 -0.11487 
47.95 -2.34124 0.00190467 
48 -2.34114 0.118967 
48.05 -2.3352 0.236024 
48.1 -2.32339 0.352784 
48.15 -2.30575 0.468953 
48.2 -2.28231 0.584241 
48.25 -2.2531 0.698356 
48.3 -2.21818 0.811011 
48.35 -2.17763 0.92192 
48.4 -2.13153 1.0308 
48.45 -2.07999 1.13738 
48.5 -2.02312 1.24138 
48.55 -1.96105 1.34253 
48.6 -1.89393 1.44059 
48.65 -1.8219 1.53528 
48.7 -1.74513 1.62638 
48.75 -1.66381 1.71363 
48.8 -1.57813 1.79682 
48.85 -1.48829 1.87573 
48.9 -1.3945 1.95015 
48.95 -1.297 2.01987 
49 -1.196 2.08472 
49.05 -1.09177 2.14452 
49.1 -0.984542 2.19911 
49.15 -0.874586 2.24834 
49.2 -0.762169 2.29207 
49.25 -0.647566 2.33017 
49.3 -0.531057 2.36255 
49.35 -0.41293 2.38911 
49.4 -0.293474 2.40975 
49.45 -0.172987 2.42443 
49.5 -0.0517655 2.43307 
49.55 0.0698883 2.43566 
49.6 0.191671 2.43217 
49.65 0.31328 2.42259 
49.7 0.434409 2.40692 
49.75 0.554755 2.3852 
49.8 0.674015 2.35746 
49.85 0.791888 2.32376 
49.9 0.908076 2.28417 
49.95 1.02228 2.23876 
50 1.13422 2.18765 
