0 1 1 
0.01 1.00995 0.98995 
0.02 1.0198 0.979802 
0.03 1.02955 0.969555 
0.04 1.03919 0.959211 
0.05 1.04873 0.948772 
0.06 1.05816 0.938237 
0.07 1.06749 0.927609 
0.08 1.07672 0.916888 
0.09 1.08583 0.906075 
0.1 1.09484 0.895172 
0.11 1.10373 0.884179 
0.12 1.11252 0.873098 
0.13 1.1212 0.861929 
0.14 1.12976 0.850674 
0.15 1.13821 0.839334 
0.16 1.14654 0.827911 
0.17 1.15477 0.816404 
0.18 1.16287 0.804816 
0.19 1.17086 0.793147 
0.2 1.17873 0.781399 
0.21 1.18649 0.769573 
0.22 1.19413 0.75767 
0.23 1.20164 0.745691 
0.24 1.20904 0.733638 
0.25 1.21631 0.721511 
0.26 1.22347 0.709312 
0.27 1.2305 0.697042 
0.28 1.23741 0.684703 
0.29 1.24419 0.672295 
0.3 1.25086 0.659819 
0.31 1.25739 0.647278 
0.32 1.2638 0.634672 
0.33 1.27008 0.622003 
0.34 1.27624 0.609271 
0.35 1.28227 0.596479 
0.36 1.28817 0.583626 
0.37 1.29394 0.570716 
0.38 1.29958 0.557748 
0.39 1.3051 0.544725 
0.4 1.31048 0.531647 
0.41 1.31573 0.518516 
0.42 1.32085 0.505333 
0.43 1.32583 0.4921 
0.44 1.33069 0.478817 
0.45 1.33541 0.465487 
0.46 1.34 0.45211 
0.47 1.34445 0.438687 
0.48 1.34877 0.425221 
0.49 1.35296 0.411712 
0.5 1.35701 0.398163 
0.51 1.36092 0.384573 
0.52 1.3647 0.370945 
0.53 1.36834 0.35728 
0.54 1.37184 0.343579 
0.55 1.37521 0.329844 
0.56 1.37844 0.316075 
0.57 1.38153 0.302275 
0.58 1.38449 0.288445 
0.59 1.3873 0.274586 
0.6 1.38998 0.2607 
0.61 1.39251 0.246788 
0.62 1.39491 0.232851 
0.63 1.39717 0.21889 
0.64 1.39929 0.204908 
0.65 1.40127 0.190905 
0.66 1.40311 0.176883 
0.67 1.40481 0.162844 
0.68 1.40636 0.148788 
0.69 1.40778 0.134717 
0.7 1.40906 0.120633 
0.71 1.4102 0.106536 
0.72 1.41119 0.0924295 
0.73 1.41204 0.0783134 
0.74 1.41276 0.0641894 
0.75 1.41333 0.0500589 
0.76 1.41376 0.0359235 
0.77 1.41405 0.0217845 
0.78 1.41419 0.00764331 
0.79 1.4142 -0.00649865 
0.8 1.41406 -0.02064 
0.81 1.41379 -0.0347792 
0.82 1.41337 -0.048915 
0.83 1.41281 -0.0630458 
0.84 1.41211 -0.0771704 
0.85 1.41126 -0.0912873 
0.86 1.41028 -0.105395 
0.87 1.40916 -0.119492 
0.88 1.40789 -0.133577 
0.89 1.40648 -0.147649 
0.9 1.40494 -0.161706 
0.91 1.40325 -0.175747 
0.92 1.40142 -0.189771 
0.93 1.39946 -0.203775 
0.94 1.39735 -0.217759 
0.95 1.3951 -0.231721 
0.96 1.39271 -0.24566 
0.97 1.39019 -0.259575 
0.98 1.38752 -0.273463 
0.99 1.38472 -0.287325 
1 1.38178 -0.301157 
1.01 1.3787 -0.31496 
1.02 1.37548 -0.32873 
1.03 1.37212 -0.342468 
1.04 1.36863 -0.356172 
1.05 1.365 -0.36984 
1.06 1.36123 -0.383471 
1.07 1.35733 -0.397064 
1.08 1.35329 -0.410617 
1.09 1.34912 -0.424129 
1.1 1.34481 -0.437599 
1.11 1.34036 -0.451025 
1.12 1.33579 -0.464406 
1.13 1.33108 -0.47774 
1.14 1.32623 -0.491026 
1.15 1.32126 -0.504264 
1.16 1.31615 -0.517451 
1.17 1.31091 -0.530586 
1.18 1.30554 -0.543668 
1.19 1.30003 -0.556696 
1.2 1.2944 -0.569668 
1.21 1.28864 -0.582584 
1.22 1.28275 -0.595441 
1.23 1.27673 -0.608238 
1.24 1.27059 -0.620975 
1.25 1.26431 -0.633649 
1.26 1.25791 -0.64626 
1.27 1.25139 -0.658807 
1.28 1.24474 -0.671287 
1.29 1.23796 -0.683701 
1.3 1.23106 -0.696046 
1.31 1.22404 -0.708322 
1.32 1.2169 -0.720526 
1.33 1.20963 -0.732659 
1.34 1.20225 -0.744718 
1.35 1.19474 -0.756703 
1.36 1.18711 -0.768612 
1.37 1.17937 -0.780445 
1.38 1.1715 -0.792199 
1.39 1.16352 -0.803874 
1.4 1.15543 -0.815469 
1.41 1.14721 -0.826982 
1.42 1.13889 -0.838413 
1.43 1.13045 -0.849759 
1.44 1.12189 -0.861021 
1.45 1.11323 -0.872197 
1.46 1.10445 -0.883285 
1.47 1.09556 -0.894285 
1.48 1.08656 -0.905196 
1.49 1.07746 -0.916016 
1.5 1.06824 -0.926744 
1.51 1.05892 -0.93738 
1.52 1.0495 -0.947922 
1.53 1.03997 -0.95837 
1.54 1.03033 -0.968721 
1.55 1.02059 -0.978976 
1.56 1.01075 -0.989132 
1.57 1.00081 -0.99919 
1.58 0.990767 -1.00915 
1.59 0.980627 -1.01901 
1.6 0.970388 -1.02876 
1.61 0.960052 -1.03841 
1.62 0.94962 -1.04796 
1.63 0.939093 -1.0574 
1.64 0.928473 -1.06674 
1.65 0.917759 -1.07597 
1.66 0.906954 -1.0851 
1.67 0.896058 -1.09411 
1.68 0.885072 -1.10302 
1.69 0.873998 -1.11181 
1.7 0.862836 -1.1205 
1.71 0.851588 -1.12907 
1.72 0.840255 -1.13753 
1.73 0.828838 -1.14587 
1.74 0.817338 -1.1541 
1.75 0.805757 -1.16222 
1.76 0.794095 -1.17022 
1.77 0.782353 -1.1781 
1.78 0.770533 -1.18587 
1.79 0.758636 -1.19351 
1.8 0.746664 -1.20104 
1.81 0.734616 -1.20844 
1.82 0.722495 -1.21573 
1.83 0.710302 -1.22289 
1.84 0.698038 -1.22994 
1.85 0.685704 -1.23685 
1.86 0.673302 -1.24365 
1.87 0.660832 -1.25032 
1.88 0.648296 -1.25687 
1.89 0.635695 -1.26329 
1.9 0.623031 -1.26958 
1.91 0.610304 -1.27575 
1.92 0.597516 -1.28179 
1.93 0.584669 -1.2877 
1.94 0.571763 -1.29348 
1.95 0.5588 -1.29913 
1.96 0.545781 -1.30465 
1.97 0.532708 -1.31005 
1.98 0.519581 -1.31531 
1.99 0.506402 -1.32044 
2 0.493173 -1.32544 
2.01 0.479894 -1.3303 
2.02 0.466567 -1.33503 
2.03 0.453194 -1.33963 
2.04 0.439775 -1.3441 
2.05 0.426313 -1.34843 
2.06 0.412807 -1.35262 
2.07 0.399261 -1.35668 
2.08 0.385674 -1.36061 
2.09 0.372049 -1.3644 
2.1 0.358387 -1.36805 
2.11 0.344689 -1.37156 
2.12 0.330957 -1.37494 
2.13 0.317191 -1.37818 
2.14 0.303394 -1.38129 
2.15 0.289566 -1.38425 
2.16 0.275709 -1.38708 
2.17 0.261825 -1.38977 
2.18 0.247915 -1.39231 
2.19 0.233979 -1.39472 
2.2 0.220021 -1.39699 
2.21 0.20604 -1.39912 
2.22 0.192039 -1.40111 
2.23 0.178019 -1.40296 
2.24 0.163981 -1.40467 
2.25 0.149926 -1.40624 
2.26 0.135856 -1.40767 
2.27 0.121773 -1.40896 
2.28 0.107678 -1.41011 
2.29 0.0935717 -1.41111 
2.3 0.0794563 -1.41198 
2.31 0.0653328 -1.4127 
2.32 0.0512029 -1.41329 
2.33 0.0370678 -1.41373 
2.34 0.022929 -1.41403 
2.35 0.00878797 -1.41419 
2.36 -0.00535398 -1.4142 
2.37 -0.0194954 -1.41408 
2.38 -0.0336349 -1.41381 
2.39 -0.047771 -1.41341 
2.4 -0.0619023 -1.41286 
2.41 -0.0760274 -1.41217 
2.42 -0.0901449 -1.41134 
2.43 -0.104253 -1.41037 
2.44 -0.118352 -1.40925 
2.45 -0.132438 -1.408 
2.46 -0.146511 -1.4066 
2.47 -0.160569 -1.40507 
2.48 -0.174611 -1.40339 
2.49 -0.188636 -1.40158 
2.5 -0.202642 -1.39962 
2.51 -0.216628 -1.39752 
2.52 -0.230592 -1.39529 
2.53 -0.244533 -1.39291 
2.54 -0.25845 -1.3904 
2.55 -0.27234 -1.38774 
2.56 -0.286204 -1.38495 
2.57 -0.300039 -1.38202 
2.58 -0.313843 -1.37895 
2.59 -0.327617 -1.37574 
2.6 -0.341358 -1.3724 
2.61 -0.355064 -1.36892 
2.62 -0.368735 -1.3653 
2.63 -0.382369 -1.36154 
2.64 -0.395965 -1.35765 
2.65 -0.409522 -1.35362 
2.66 -0.423037 -1.34946 
2.67 -0.43651 -1.34516 
2.68 -0.44994 -1.34073 
2.69 -0.463324 -1.33616 
2.7 -0.476662 -1.33146 
2.71 -0.489953 -1.32663 
2.72 -0.503194 -1.32166 
2.73 -0.516385 -1.31657 
2.74 -0.529525 -1.31134 
2.75 -0.542611 -1.30598 
2.76 -0.555644 -1.30048 
2.77 -0.56862 -1.29486 
2.78 -0.58154 -1.28911 
2.79 -0.594402 -1.28323 
2.8 -0.607204 -1.27722 
2.81 -0.619946 -1.27109 
2.82 -0.632626 -1.26483 
2.83 -0.645242 -1.25844 
2.84 -0.657794 -1.25192 
2.85 -0.67028 -1.24528 
2.86 -0.682699 -1.23852 
2.87 -0.695049 -1.23163 
2.88 -0.707331 -1.22462 
2.89 -0.719541 -1.21748 
2.9 -0.73168 -1.21023 
2.91 -0.743745 -1.20285 
2.92 -0.755736 -1.19535 
2.93 -0.767651 -1.18773 
2.94 -0.77949 -1.18 
2.95 -0.791251 -1.17214 
2.96 -0.802932 -1.16417 
2.97 -0.814534 -1.15609 
2.98 -0.826053 -1.14788 
2.99 -0.837491 -1.13957 
3 -0.848844 -1.13113 
3.01 -0.860113 -1.12259 
3.02 -0.871295 -1.11393 
3.03 -0.882391 -1.10516 
3.04 -0.893398 -1.09628 
3.05 -0.904316 -1.0873 
3.06 -0.915144 -1.0782 
3.07 -0.925879 -1.06899 
3.08 -0.936523 -1.05968 
3.09 -0.947073 -1.05026 
3.1 -0.957528 -1.04074 
3.11 -0.967887 -1.03111 
3.12 -0.978149 -1.02138 
3.13 -0.988314 -1.01155 
3.14 -0.99838 -1.00162 
3.15 -1.00835 -0.991584 
3.16 -1.01821 -0.981451 
3.17 -1.02797 -0.97122 
3.18 -1.03763 -0.960892 
3.19 -1.04719 -0.950468 
3.2 -1.05664 -0.939949 
3.21 -1.06599 -0.929336 
3.22 -1.07523 -0.91863 
3.23 -1.08436 -0.907832 
3.24 -1.09339 -0.896943 
3.25 -1.1023 -0.885964 
3.26 -1.11111 -0.874897 
3.27 -1.1198 -0.863743 
3.28 -1.12838 -0.852502 
3.29 -1.13685 -0.841176 
3.3 -1.1452 -0.829766 
3.31 -1.15344 -0.818272 
3.32 -1.16157 -0.806697 
3.33 -1.16958 -0.795042 
3.34 -1.17747 -0.783306 
3.35 -1.18524 -0.771493 
3.36 -1.1929 -0.759602 
3.37 -1.20043 -0.747635 
3.38 -1.20785 -0.735594 
3.39 -1.21515 -0.723479 
3.4 -1.22232 -0.711292 
3.41 -1.22937 -0.699033 
3.42 -1.2363 -0.686705 
3.43 -1.2431 -0.674308 
3.44 -1.24979 -0.661843 
3.45 -1.25634 -0.649313 
3.46 -1.26277 -0.636717 
3.47 -1.26908 -0.624058 
3.48 -1.27525 -0.611336 
3.49 -1.2813 -0.598554 
3.5 -1.28722 -0.585711 
3.51 -1.29302 -0.57281 
3.52 -1.29868 -0.559851 
3.53 -1.30421 -0.546837 
3.54 -1.30962 -0.533768 
3.55 -1.31489 -0.520645 
3.56 -1.32003 -0.507471 
3.57 -1.32504 -0.494245 
3.58 -1.32991 -0.480971 
3.59 -1.33466 -0.467648 
3.6 -1.33927 -0.454278 
3.61 -1.34374 -0.440863 
3.62 -1.34808 -0.427404 
3.63 -1.35229 -0.413902 
3.64 -1.35636 -0.400359 
3.65 -1.3603 -0.386776 
3.66 -1.3641 -0.373154 
3.67 -1.36776 -0.359494 
3.68 -1.37129 -0.345799 
3.69 -1.37467 -0.332069 
3.7 -1.37793 -0.318306 
3.71 -1.38104 -0.304512 
3.72 -1.38402 -0.290686 
3.73 -1.38685 -0.276832 
3.74 -1.38955 -0.26295 
3.75 -1.39211 -0.249042 
3.76 -1.39453 -0.235108 
3.77 -1.39681 -0.221152 
3.78 -1.39896 -0.207173 
3.79 -1.40096 -0.193173 
3.8 -1.40282 -0.179154 
3.81 -1.40454 -0.165117 
3.82 -1.40612 -0.151064 
3.83 -1.40756 -0.136996 
3.84 -1.40886 -0.122914 
3.85 -1.41002 -0.108819 
3.86 -1.41104 -0.0947139 
3.87 -1.41191 -0.0805991 
3.88 -1.41265 -0.0664763 
3.89 -1.41324 -0.0523468 
3.9 -1.4137 -0.0382121 
3.91 -1.41401 -0.0240736 
3.92 -1.41418 -0.00993262 
3.93 -1.41421 0.00420931 
3.94 -1.41409 0.0183508 
3.95 -1.41384 0.0324905 
3.96 -1.41344 0.0466269 
3.97 -1.41291 0.0607587 
3.98 -1.41223 0.0748844 
3.99 -1.41141 0.0890026 
4 -1.41045 0.103112 
4.01 -1.40935 0.117211 
4.02 -1.40811 0.131298 
4.03 -1.40672 0.145372 
4.04 -1.4052 0.159432 
4.05 -1.40353 0.173476 
4.06 -1.40173 0.187502 
4.07 -1.39978 0.201509 
4.08 -1.3977 0.215497 
4.09 -1.39547 0.229463 
4.1 -1.39311 0.243406 
4.11 -1.39061 0.257324 
4.12 -1.38796 0.271217 
4.13 -1.38518 0.285083 
4.14 -1.38226 0.29892 
4.15 -1.3792 0.312727 
4.16 -1.37601 0.326503 
4.17 -1.37267 0.340247 
4.18 -1.3692 0.353956 
4.19 -1.36559 0.36763 
4.2 -1.36185 0.381267 
4.21 -1.35797 0.394866 
4.22 -1.35395 0.408426 
4.23 -1.3498 0.421945 
4.24 -1.34551 0.435421 
4.25 -1.34109 0.448854 
4.26 -1.33654 0.462243 
4.27 -1.33185 0.475584 
4.28 -1.32703 0.488879 
4.29 -1.32207 0.502124 
4.3 -1.31698 0.51532 
4.31 -1.31176 0.528463 
4.32 -1.30641 0.541554 
4.33 -1.30093 0.554591 
4.34 -1.29532 0.567572 
4.35 -1.28958 0.580497 
4.36 -1.28371 0.593363 
4.37 -1.27772 0.60617 
4.38 -1.27159 0.618917 
4.39 -1.26534 0.631602 
4.4 -1.25896 0.644223 
4.41 -1.25245 0.65678 
4.42 -1.24582 0.669271 
4.43 -1.23907 0.681696 
4.44 -1.23219 0.694052 
4.45 -1.22519 0.706339 
4.46 -1.21806 0.718555 
4.47 -1.21082 0.7307 
4.48 -1.20345 0.742771 
4.49 -1.19596 0.754768 
4.5 -1.18835 0.76669 
4.51 -1.18063 0.778535 
4.52 -1.17278 0.790302 
4.53 -1.16482 0.80199 
4.54 -1.15674 0.813598 
4.55 -1.14855 0.825124 
4.56 -1.14024 0.836568 
4.57 -1.13182 0.847928 
4.58 -1.12328 0.859204 
4.59 -1.11464 0.870394 
4.6 -1.10588 0.881496 
4.61 -1.09701 0.892511 
4.62 -1.08803 0.903436 
4.63 -1.07894 0.914271 
4.64 -1.06974 0.925014 
4.65 -1.06044 0.935665 
4.66 -1.05103 0.946222 
4.67 -1.04152 0.956685 
4.68 -1.0319 0.967052 
4.69 -1.02217 0.977322 
4.7 -1.01235 0.987495 
4.71 -1.00243 0.997569 
4.72 -0.9924 1.00754 
4.73 -0.982275 1.01742 
4.74 -0.972052 1.02719 
4.75 -0.961732 1.03686 
4.76 -0.951315 1.04642 
4.77 -0.940804 1.05588 
4.78 -0.930198 1.06524 
4.79 -0.9195 1.07449 
4.8 -0.908709 1.08363 
4.81 -0.897828 1.09266 
4.82 -0.886856 1.10158 
4.83 -0.875796 1.1104 
4.84 -0.864649 1.1191 
4.85 -0.853415 1.12769 
4.86 -0.842096 1.13617 
4.87 -0.830692 1.14453 
4.88 -0.819206 1.15278 
4.89 -0.807637 1.16091 
4.9 -0.795988 1.16893 
4.91 -0.784259 1.17683 
4.92 -0.772452 1.18462 
4.93 -0.760567 1.19228 
4.94 -0.748607 1.19983 
4.95 -0.736571 1.20725 
4.96 -0.724462 1.21456 
4.97 -0.712281 1.22174 
4.98 -0.700028 1.2288 
4.99 -0.687705 1.23574 
5 -0.675314 1.24256 
5.01 -0.662855 1.24925 
5.02 -0.65033 1.25582 
5.03 -0.637739 1.26226 
5.04 -0.625085 1.26857 
5.05 -0.612368 1.27476 
5.06 -0.599591 1.28082 
5.07 -0.586753 1.28675 
5.08 -0.573856 1.29255 
5.09 -0.560902 1.29823 
5.1 -0.547892 1.30377 
5.11 -0.534828 1.30918 
5.12 -0.521709 1.31447 
5.13 -0.508539 1.31962 
5.14 -0.495318 1.32464 
5.15 -0.482047 1.32952 
5.16 -0.468728 1.33428 
5.17 -0.455362 1.3389 
5.18 -0.441951 1.34338 
5.19 -0.428495 1.34774 
5.2 -0.414997 1.35195 
5.21 -0.401457 1.35604 
5.22 -0.387877 1.35998 
5.23 -0.374258 1.36379 
5.24 -0.360601 1.36747 
5.25 -0.346909 1.371 
5.26 -0.333182 1.37441 
5.27 -0.319422 1.37767 
5.28 -0.305629 1.38079 
5.29 -0.291806 1.38378 
5.3 -0.277954 1.38663 
5.31 -0.264075 1.38934 
5.32 -0.250168 1.39191 
5.33 -0.236237 1.39434 
5.34 -0.222282 1.39664 
5.35 -0.208305 1.39879 
5.36 -0.194307 1.4008 
5.37 -0.18029 1.40267 
5.38 -0.166254 1.40441 
5.39 -0.152202 1.406 
5.4 -0.138135 1.40745 
5.41 -0.124054 1.40876 
5.42 -0.10996 1.40993 
5.43 -0.0958559 1.41096 
5.44 -0.0817419 1.41185 
5.45 -0.0676197 1.4126 
5.46 -0.0534907 1.4132 
5.47 -0.0393563 1.41367 
5.48 -0.0252181 1.41399 
5.49 -0.0110773 1.41417 
5.5 0.00306463 1.41421 
5.51 0.0172062 1.41411 
5.52 0.0313461 1.41387 
5.53 0.0454828 1.41348 
5.54 0.059615 1.41296 
5.55 0.0737413 1.41229 
5.56 0.0878601 1.41148 
5.57 0.10197 1.41053 
5.58 0.11607 1.40944 
5.59 0.130158 1.40821 
5.6 0.144234 1.40684 
5.61 0.158294 1.40533 
5.62 0.172339 1.40367 
5.63 0.186367 1.40188 
5.64 0.200376 1.39995 
5.65 0.214365 1.39787 
5.66 0.228333 1.39566 
5.67 0.242278 1.39331 
5.68 0.256198 1.39081 
5.69 0.270093 1.38818 
5.7 0.283961 1.38541 
5.71 0.297801 1.3825 
5.72 0.311611 1.37946 
5.73 0.325389 1.37627 
5.74 0.339136 1.37295 
5.75 0.352848 1.36949 
5.76 0.366525 1.36589 
5.77 0.380165 1.36216 
5.78 0.393767 1.35829 
5.79 0.40733 1.35428 
5.8 0.420852 1.35014 
5.81 0.434332 1.34587 
5.82 0.447769 1.34146 
5.83 0.461161 1.33691 
5.84 0.474506 1.33223 
5.85 0.487805 1.32742 
5.86 0.501054 1.32248 
5.87 0.514253 1.3174 
5.88 0.527401 1.31219 
5.89 0.540497 1.30685 
5.9 0.553538 1.30138 
5.91 0.566524 1.29578 
5.92 0.579453 1.29005 
5.93 0.592324 1.28419 
5.94 0.605136 1.27821 
5.95 0.617887 1.27209 
5.96 0.630577 1.26585 
5.97 0.643204 1.25948 
5.98 0.655766 1.25298 
5.99 0.668263 1.24636 
6 0.680693 1.23962 
6.01 0.693055 1.23275 
6.02 0.705347 1.22576 
6.03 0.717569 1.21864 
6.04 0.729719 1.21141 
6.05 0.741797 1.20405 
6.06 0.7538 1.19657 
6.07 0.765728 1.18897 
6.08 0.777579 1.18126 
6.09 0.789352 1.17342 
6.1 0.801047 1.16547 
6.11 0.812661 1.1574 
6.12 0.824194 1.14922 
6.13 0.835645 1.14092 
6.14 0.847012 1.13251 
6.15 0.858294 1.12398 
6.16 0.869491 1.11534 
6.17 0.880601 1.10659 
6.18 0.891622 1.09773 
6.19 0.902555 1.08876 
6.2 0.913397 1.07968 
6.21 0.924148 1.07049 
6.22 0.934806 1.0612 
6.23 0.945371 1.0518 
6.24 0.955842 1.04229 
6.25 0.966216 1.03268 
6.26 0.976495 1.02297 
6.27 0.986675 1.01315 
6.28 0.996757 1.00323 
6.29 1.00674 0.993215 
6.3 1.01662 0.983098 
6.31 1.0264 0.972883 
6.32 1.03608 0.962571 
6.33 1.04565 0.952162 
6.34 1.05512 0.941658 
6.35 1.06448 0.93106 
6.36 1.07374 0.920369 
6.37 1.08289 0.909586 
6.38 1.09193 0.898712 
6.39 1.10087 0.887748 
6.4 1.10969 0.876695 
6.41 1.1184 0.865554 
6.42 1.127 0.854327 
6.43 1.13548 0.843015 
6.44 1.14386 0.831618 
6.45 1.15212 0.820138 
6.46 1.16026 0.808577 
6.47 1.16829 0.796934 
6.48 1.1762 0.785211 
6.49 1.18399 0.77341 
6.5 1.19167 0.761532 
6.51 1.19922 0.749578 
6.52 1.20666 0.737548 
6.53 1.21397 0.725445 
6.54 1.22117 0.71327 
6.55 1.22824 0.701022 
6.56 1.23519 0.688705 
6.57 1.24201 0.676319 
6.58 1.24871 0.663866 
6.59 1.25529 0.651346 
6.6 1.26174 0.638761 
6.61 1.26806 0.626112 
6.62 1.27426 0.6134 
6.63 1.28033 0.600627 
6.64 1.28627 0.587794 
6.65 1.29209 0.574902 
6.66 1.29777 0.561953 
6.67 1.30333 0.548947 
6.68 1.30875 0.535887 
6.69 1.31404 0.522773 
6.7 1.3192 0.509607 
6.71 1.32423 0.49639 
6.72 1.32913 0.483123 
6.73 1.3339 0.469808 
6.74 1.33853 0.456446 
6.75 1.34303 0.443038 
6.76 1.34739 0.429586 
6.77 1.35162 0.416091 
6.78 1.35571 0.402554 
6.79 1.35967 0.388977 
6.8 1.36349 0.375361 
6.81 1.36717 0.361708 
6.82 1.37072 0.348019 
6.83 1.37414 0.334294 
6.84 1.37741 0.320537 
6.85 1.38055 0.306747 
6.86 1.38354 0.292926 
6.87 1.3864 0.279077 
6.88 1.38913 0.265199 
6.89 1.39171 0.251295 
6.9 1.39415 0.237365 
6.91 1.39646 0.223412 
6.92 1.39862 0.209437 
6.93 1.40064 0.195441 
6.94 1.40253 0.181425 
6.95 1.40427 0.167391 
6.96 1.40588 0.15334 
6.97 1.40734 0.139274 
6.98 1.40866 0.125194 
6.99 1.40984 0.111102 
7 1.41088 0.096998 
7.01 1.41178 0.0828846 
7.02 1.41254 0.068763 
7.03 1.41316 0.0546345 
7.04 1.41363 0.0405006 
7.05 1.41397 0.0263626 
7.06 1.41416 0.0122219 
7.07 1.41421 -0.00191996 
7.08 1.41412 -0.0160616 
7.09 1.41389 -0.0302017 
7.1 1.41352 -0.0443387 
7.11 1.413 -0.0584714 
7.12 1.41235 -0.0725981 
7.13 1.41155 -0.0867176 
7.14 1.41061 -0.100828 
7.15 1.40954 -0.114929 
7.16 1.40832 -0.129018 
7.17 1.40696 -0.143095 
7.18 1.40545 -0.157157 
7.19 1.40381 -0.171203 
7.2 1.40203 -0.185232 
7.21 1.40011 -0.199243 
7.22 1.39805 -0.213234 
7.23 1.39584 -0.227203 
7.24 1.3935 -0.24115 
7.25 1.39102 -0.255073 
7.26 1.3884 -0.26897 
7.27 1.38564 -0.28284 
7.28 1.38274 -0.296682 
7.29 1.37971 -0.310494 
7.3 1.37653 -0.324275 
7.31 1.37322 -0.338024 
7.32 1.36977 -0.351739 
7.33 1.36619 -0.365419 
7.34 1.36247 -0.379062 
7.35 1.35861 -0.392668 
7.36 1.35461 -0.406234 
7.37 1.35048 -0.419759 
7.38 1.34622 -0.433243 
7.39 1.34182 -0.446683 
7.4 1.33728 -0.460078 
7.41 1.33262 -0.473428 
7.42 1.32782 -0.48673 
7.43 1.32288 -0.499983 
7.44 1.31782 -0.513187 
7.45 1.31262 -0.526339 
7.46 1.30729 -0.539439 
7.47 1.30183 -0.552484 
7.48 1.29624 -0.565475 
7.49 1.29052 -0.578408 
7.5 1.28467 -0.591284 
7.51 1.2787 -0.604101 
7.52 1.27259 -0.616858 
7.53 1.26636 -0.629552 
7.54 1.26 -0.642184 
7.55 1.25352 -0.654752 
7.56 1.24691 -0.667254 
7.57 1.24017 -0.679689 
7.58 1.23331 -0.692057 
7.59 1.22633 -0.704355 
7.6 1.21922 -0.716583 
7.61 1.212 -0.728739 
7.62 1.20465 -0.740822 
7.63 1.19718 -0.752831 
7.64 1.18959 -0.764765 
7.65 1.18189 -0.776622 
7.66 1.17406 -0.788402 
7.67 1.16612 -0.800103 
7.68 1.15806 -0.811724 
7.69 1.14989 -0.823264 
7.7 1.1416 -0.834721 
7.71 1.13319 -0.846095 
7.72 1.12467 -0.857384 
7.73 1.11604 -0.868588 
7.74 1.1073 -0.879705 
7.75 1.09845 -0.890733 
7.76 1.08949 -0.901673 
7.77 1.08042 -0.912523 
7.78 1.07124 -0.923281 
7.79 1.06195 -0.933947 
7.8 1.05256 -0.94452 
7.81 1.04306 -0.954998 
7.82 1.03346 -0.96538 
7.83 1.02376 -0.975666 
7.84 1.01395 -0.985855 
7.85 1.00404 -0.995945 
7.86 0.994029 -1.00594 
7.87 0.983921 -1.01582 
7.88 0.973713 -1.02561 
7.89 0.963409 -1.0353 
7.9 0.953008 -1.04488 
7.91 0.942512 -1.05436 
7.92 0.931921 -1.06373 
7.93 0.921238 -1.073 
7.94 0.910462 -1.08215 
7.95 0.899595 -1.09121 
7.96 0.888638 -1.10015 
7.97 0.877593 -1.10898 
7.98 0.866459 -1.1177 
7.99 0.855239 -1.12631 
8 0.843934 -1.1348 
8.01 0.832544 -1.14318 
8.02 0.821071 -1.15145 
8.03 0.809515 -1.15961 
8.04 0.797879 -1.16764 
8.05 0.786163 -1.17556 
8.06 0.774369 -1.18337 
8.07 0.762496 -1.19105 
8.08 0.750548 -1.19861 
8.09 0.738525 -1.20606 
8.1 0.726428 -1.21338 
8.11 0.714258 -1.22059 
8.12 0.702016 -1.22767 
8.13 0.689705 -1.23463 
8.14 0.677324 -1.24146 
8.15 0.664876 -1.24817 
8.16 0.652362 -1.25476 
8.17 0.639782 -1.26122 
8.18 0.627138 -1.26756 
8.19 0.614431 -1.27376 
8.2 0.601663 -1.27984 
8.21 0.588835 -1.2858 
8.22 0.575948 -1.29162 
8.23 0.563003 -1.29732 
8.24 0.550002 -1.30288 
8.25 0.536946 -1.30832 
8.26 0.523837 -1.31362 
8.27 0.510674 -1.31879 
8.28 0.497461 -1.32383 
8.29 0.484199 -1.32874 
8.3 0.470887 -1.33352 
8.31 0.457529 -1.33816 
8.32 0.444125 -1.34267 
8.33 0.430676 -1.34704 
8.34 0.417185 -1.35128 
8.35 0.403651 -1.35538 
8.36 0.390078 -1.35935 
8.37 0.376465 -1.36319 
8.38 0.362815 -1.36688 
8.39 0.349128 -1.37044 
8.4 0.335406 -1.37386 
8.41 0.321651 -1.37715 
8.42 0.307864 -1.3803 
8.43 0.294046 -1.38331 
8.44 0.280199 -1.38618 
8.45 0.266323 -1.38891 
8.46 0.252421 -1.3915 
8.47 0.238494 -1.39396 
8.48 0.224543 -1.39627 
8.49 0.210569 -1.39845 
8.5 0.196574 -1.40049 
8.51 0.18256 -1.40238 
8.52 0.168527 -1.40414 
8.53 0.154478 -1.40575 
8.54 0.140413 -1.40723 
8.55 0.126334 -1.40856 
8.56 0.112243 -1.40975 
8.57 0.0981399 -1.4108 
8.58 0.0840273 -1.41172 
8.59 0.0699063 -1.41248 
8.6 0.0557783 -1.41311 
8.61 0.0416448 -1.4136 
8.62 0.027507 -1.41395 
8.63 0.0133665 -1.41415 
8.64 -0.000775277 -1.41421 
8.65 -0.014917 -1.41413 
8.66 -0.0290573 -1.41392 
8.67 -0.0431946 -1.41355 
8.68 -0.0573276 -1.41305 
8.69 -0.0714549 -1.41241 
8.7 -0.0855751 -1.41162 
8.71 -0.0996867 -1.4107 
8.72 -0.113788 -1.40963 
8.73 -0.127879 -1.40842 
8.74 -0.141956 -1.40707 
8.75 -0.156019 -1.40558 
8.76 -0.170067 -1.40395 
8.77 -0.184098 -1.40218 
8.78 -0.19811 -1.40027 
8.79 -0.212102 -1.39822 
8.8 -0.226073 -1.39603 
8.81 -0.240022 -1.3937 
8.82 -0.253947 -1.39123 
8.83 -0.267846 -1.38862 
8.84 -0.281718 -1.38587 
8.85 -0.295563 -1.38298 
8.86 -0.309377 -1.37996 
8.87 -0.323161 -1.3768 
8.88 -0.336913 -1.3735 
8.89 -0.35063 -1.37006 
8.9 -0.364313 -1.36648 
8.91 -0.377959 -1.36277 
8.92 -0.391568 -1.35892 
8.93 -0.405137 -1.35494 
8.94 -0.418666 -1.35082 
8.95 -0.432153 -1.34657 
8.96 -0.445597 -1.34218 
8.97 -0.458996 -1.33766 
8.98 -0.472349 -1.333 
8.99 -0.485655 -1.32821 
9 -0.498913 -1.32329 
9.01 -0.51212 -1.31823 
9.02 -0.525276 -1.31304 
9.03 -0.53838 -1.30773 
9.04 -0.55143 -1.30228 
9.05 -0.564425 -1.2967 
9.06 -0.577364 -1.29099 
9.07 -0.590244 -1.28515 
9.08 -0.603066 -1.27918 
9.09 -0.615827 -1.27309 
9.1 -0.628527 -1.26687 
9.11 -0.641164 -1.26052 
9.12 -0.653737 -1.25404 
9.13 -0.666244 -1.24744 
9.14 -0.678685 -1.24072 
9.15 -0.691058 -1.23387 
9.16 -0.703362 -1.2269 
9.17 -0.715596 -1.2198 
9.18 -0.727757 -1.21259 
9.19 -0.739847 -1.20525 
9.2 -0.751862 -1.19779 
9.21 -0.763802 -1.19021 
9.22 -0.775666 -1.18252 
9.23 -0.787452 -1.1747 
9.24 -0.799159 -1.16677 
9.25 -0.810786 -1.15872 
9.26 -0.822333 -1.15055 
9.27 -0.833797 -1.14227 
9.28 -0.845178 -1.13388 
9.29 -0.856474 -1.12537 
9.3 -0.867684 -1.11675 
9.31 -0.878808 -1.10801 
9.32 -0.889844 -1.09917 
9.33 -0.900791 -1.09022 
9.34 -0.911648 -1.08116 
9.35 -0.922414 -1.07199 
9.36 -0.933087 -1.06271 
9.37 -0.943667 -1.05332 
9.38 -0.954153 -1.04384 
9.39 -0.964543 -1.03424 
9.4 -0.974837 -1.02454 
9.41 -0.985034 -1.01475 
9.42 -0.995132 -1.00484 
9.43 -1.00513 -0.994843 
9.44 -1.01503 -0.984743 
9.45 -1.02482 -0.974543 
9.46 -1.03452 -0.964247 
9.47 -1.04411 -0.953853 
9.48 -1.0536 -0.943365 
9.49 -1.06298 -0.932782 
9.5 -1.07225 -0.922106 
9.51 -1.08142 -0.911338 
9.52 -1.09048 -0.900478 
9.53 -1.09943 -0.889529 
9.54 -1.10827 -0.87849 
9.55 -1.117 -0.867364 
9.56 -1.12561 -0.856151 
9.57 -1.13412 -0.844852 
9.58 -1.14251 -0.833469 
9.59 -1.15079 -0.822002 
9.6 -1.15895 -0.810454 
9.61 -1.167 -0.798824 
9.62 -1.17493 -0.787114 
9.63 -1.18274 -0.775326 
9.64 -1.19043 -0.76346 
9.65 -1.19801 -0.751518 
9.66 -1.20546 -0.739501 
9.67 -1.2128 -0.727409 
9.68 -1.22001 -0.715245 
9.69 -1.2271 -0.70301 
9.7 -1.23407 -0.690704 
9.71 -1.24091 -0.678329 
9.72 -1.24764 -0.665886 
9.73 -1.25423 -0.653377 
9.74 -1.2607 -0.640802 
9.75 -1.26705 -0.628164 
9.76 -1.27327 -0.615462 
9.77 -1.27936 -0.602699 
9.78 -1.28532 -0.589875 
9.79 -1.29115 -0.576993 
9.8 -1.29686 -0.564053 
9.81 -1.30243 -0.551057 
9.82 -1.30788 -0.538005 
9.83 -1.31319 -0.5249 
9.84 -1.31838 -0.511742 
9.85 -1.32343 -0.498533 
9.86 -1.32835 -0.485274 
9.87 -1.33313 -0.471966 
9.88 -1.33779 -0.458612 
9.89 -1.34231 -0.445211 
9.9 -1.34669 -0.431766 
9.91 -1.35094 -0.418278 
9.92 -1.35506 -0.404748 
9.93 -1.35904 -0.391178 
9.94 -1.36288 -0.377568 
9.95 -1.36659 -0.363921 
9.96 -1.37016 -0.350237 
9.97 -1.37359 -0.336518 
9.98 -1.37689 -0.322766 
9.99 -1.38005 -0.308981 
10 -1.38307 -0.295166 
