0 0.5 0.5 
0.01 0.504975 0.494975 
0.02 0.509899 0.489901 
0.03 0.514773 0.484777 
0.04 0.519595 0.479606 
0.05 0.524365 0.474386 
0.06 0.529082 0.469119 
0.07 0.533747 0.463804 
0.08 0.538358 0.458444 
0.09 0.542915 0.453037 
0.1 0.547418 0.447586 
0.11 0.551867 0.442089 
0.12 0.55626 0.436549 
0.13 0.560598 0.430964 
0.14 0.564879 0.425337 
0.15 0.569104 0.419667 
0.16 0.573272 0.413955 
0.17 0.577383 0.408202 
0.18 0.581436 0.402408 
0.19 0.585431 0.396574 
0.2 0.589367 0.3907 
0.21 0.593245 0.384787 
0.22 0.597063 0.378835 
0.23 0.600821 0.372846 
0.24 0.60452 0.366819 
0.25 0.608157 0.360755 
0.26 0.611734 0.354656 
0.27 0.61525 0.348521 
0.28 0.618705 0.342351 
0.29 0.622097 0.336147 
0.3 0.625428 0.32991 
0.31 0.628695 0.323639 
0.32 0.6319 0.317336 
0.33 0.635042 0.311001 
0.34 0.63812 0.304636 
0.35 0.641134 0.298239 
0.36 0.644085 0.291813 
0.37 0.646971 0.285358 
0.38 0.649792 0.278874 
0.39 0.652548 0.272362 
0.4 0.655239 0.265824 
0.41 0.657864 0.259258 
0.42 0.660424 0.252667 
0.43 0.662917 0.24605 
0.44 0.665345 0.239409 
0.45 0.667705 0.232743 
0.46 0.669999 0.226055 
0.47 0.672226 0.219344 
0.48 0.674386 0.212611 
0.49 0.676479 0.205856 
0.5 0.678503 0.199081 
0.51 0.68046 0.192287 
0.52 0.682349 0.185472 
0.53 0.684169 0.17864 
0.54 0.685922 0.171789 
0.55 0.687605 0.164922 
0.56 0.68922 0.158038 
0.57 0.690766 0.151138 
0.58 0.692243 0.144223 
0.59 0.69365 0.137293 
0.6 0.694988 0.13035 
0.61 0.696257 0.123394 
0.62 0.697456 0.116425 
0.63 0.698586 0.109445 
0.64 0.699645 0.102454 
0.65 0.700635 0.0954525 
0.66 0.701554 0.0884415 
0.67 0.702403 0.0814218 
0.68 0.703182 0.0743938 
0.69 0.703891 0.0673585 
0.7 0.70453 0.0603164 
0.71 0.705098 0.0532682 
0.72 0.705595 0.0462148 
0.73 0.706022 0.0391567 
0.74 0.706378 0.0320947 
0.75 0.706664 0.0250295 
0.76 0.706879 0.0179618 
0.77 0.707023 0.0108923 
0.78 0.707096 0.00382166 
0.79 0.707099 -0.00324932 
0.8 0.707031 -0.01032 
0.81 0.706893 -0.0173896 
0.82 0.706684 -0.0244575 
0.83 0.706404 -0.0315229 
0.84 0.706053 -0.0385852 
0.85 0.705632 -0.0456436 
0.86 0.70514 -0.0526975 
0.87 0.704578 -0.0597461 
0.88 0.703946 -0.0667887 
0.89 0.703242 -0.0738246 
0.9 0.702469 -0.0808532 
0.91 0.701625 -0.0878737 
0.92 0.700712 -0.0948854 
0.93 0.699728 -0.101888 
0.94 0.698674 -0.10888 
0.95 0.69755 -0.115861 
0.96 0.696357 -0.12283 
0.97 0.695094 -0.129787 
0.98 0.693761 -0.136732 
0.99 0.692359 -0.143662 
1 0.690888 -0.150579 
1.01 0.689348 -0.15748 
1.02 0.687738 -0.164365 
1.03 0.68606 -0.171234 
1.04 0.684314 -0.178086 
1.05 0.682499 -0.18492 
1.06 0.680615 -0.191736 
1.07 0.678664 -0.198532 
1.08 0.676645 -0.205309 
1.09 0.674558 -0.212065 
1.1 0.672404 -0.218799 
1.11 0.670182 -0.225512 
1.12 0.667894 -0.232203 
1.13 0.665538 -0.23887 
1.14 0.663116 -0.245513 
1.15 0.660628 -0.252132 
1.16 0.658074 -0.258725 
1.17 0.655454 -0.265293 
1.18 0.652768 -0.271834 
1.19 0.650017 -0.278348 
1.2 0.647201 -0.284834 
1.21 0.644321 -0.291292 
1.22 0.641376 -0.29772 
1.23 0.638366 -0.304119 
1.24 0.635293 -0.310487 
1.25 0.632157 -0.316825 
1.26 0.628957 -0.32313 
1.27 0.625694 -0.329403 
1.28 0.622369 -0.335644 
1.29 0.618982 -0.34185 
1.3 0.615532 -0.348023 
1.31 0.612021 -0.354161 
1.32 0.608449 -0.360263 
1.33 0.604816 -0.366329 
1.34 0.601123 -0.372359 
1.35 0.597369 -0.378352 
1.36 0.593556 -0.384306 
1.37 0.589683 -0.390222 
1.38 0.585752 -0.3961 
1.39 0.581762 -0.401937 
1.4 0.577713 -0.407735 
1.41 0.573607 -0.413491 
1.42 0.569444 -0.419206 
1.43 0.565223 -0.42488 
1.44 0.560946 -0.430511 
1.45 0.556613 -0.436098 
1.46 0.552224 -0.441643 
1.47 0.547781 -0.447143 
1.48 0.543282 -0.452598 
1.49 0.538729 -0.458008 
1.5 0.534122 -0.463372 
1.51 0.529462 -0.46869 
1.52 0.524748 -0.473961 
1.53 0.519983 -0.479185 
1.54 0.515165 -0.484361 
1.55 0.510296 -0.489488 
1.56 0.505375 -0.494566 
1.57 0.500405 -0.499595 
1.58 0.495384 -0.504574 
1.59 0.490313 -0.509503 
1.6 0.485194 -0.51438 
1.61 0.480026 -0.519206 
1.62 0.47481 -0.52398 
1.63 0.469547 -0.528702 
1.64 0.464236 -0.533371 
1.65 0.458879 -0.537987 
1.66 0.453477 -0.542548 
1.67 0.448029 -0.547056 
1.68 0.442536 -0.551509 
1.69 0.436999 -0.555906 
1.7 0.431418 -0.560249 
1.71 0.425794 -0.564535 
1.72 0.420128 -0.568764 
1.73 0.414419 -0.572937 
1.74 0.408669 -0.577052 
1.75 0.402878 -0.58111 
1.76 0.397047 -0.58511 
1.77 0.391177 -0.589051 
1.78 0.385267 -0.592933 
1.79 0.379318 -0.596756 
1.8 0.373332 -0.600519 
1.81 0.367308 -0.604222 
1.82 0.361248 -0.607865 
1.83 0.355151 -0.611447 
1.84 0.349019 -0.614968 
1.85 0.342852 -0.618427 
1.86 0.336651 -0.621825 
1.87 0.330416 -0.62516 
1.88 0.324148 -0.628433 
1.89 0.317847 -0.631643 
1.9 0.311515 -0.63479 
1.91 0.305152 -0.637873 
1.92 0.298758 -0.640893 
1.93 0.292334 -0.643848 
1.94 0.285882 -0.646739 
1.95 0.2794 -0.649566 
1.96 0.272891 -0.652327 
1.97 0.266354 -0.655023 
1.98 0.25979 -0.657654 
1.99 0.253201 -0.660219 
2 0.246586 -0.662718 
2.01 0.239947 -0.665151 
2.02 0.233284 -0.667517 
2.03 0.226597 -0.669816 
2.04 0.219888 -0.672049 
2.05 0.213156 -0.674214 
2.06 0.206404 -0.676312 
2.07 0.19963 -0.678342 
2.08 0.192837 -0.680304 
2.09 0.186025 -0.682199 
2.1 0.179194 -0.684025 
2.11 0.172345 -0.685782 
2.12 0.165478 -0.687471 
2.13 0.158595 -0.689092 
2.14 0.151697 -0.690643 
2.15 0.144783 -0.692126 
2.16 0.137855 -0.693539 
2.17 0.130913 -0.694883 
2.18 0.123957 -0.696157 
2.19 0.11699 -0.697362 
2.2 0.11001 -0.698497 
2.21 0.10302 -0.699562 
2.22 0.0960196 -0.700557 
2.23 0.0890094 -0.701482 
2.24 0.0819903 -0.702337 
2.25 0.074963 -0.703122 
2.26 0.0679282 -0.703836 
2.27 0.0608866 -0.704481 
2.28 0.0538389 -0.705054 
2.29 0.0467859 -0.705557 
2.3 0.0397281 -0.70599 
2.31 0.0326664 -0.706352 
2.32 0.0256014 -0.706643 
2.33 0.0185339 -0.706864 
2.34 0.0114645 -0.707014 
2.35 0.00439399 -0.707093 
2.36 -0.00267699 -0.707102 
2.37 -0.0097477 -0.70704 
2.38 -0.0168174 -0.706907 
2.39 -0.0238855 -0.706703 
2.4 -0.0309511 -0.706429 
2.41 -0.0380137 -0.706084 
2.42 -0.0450725 -0.705669 
2.43 -0.0521267 -0.705183 
2.44 -0.0591758 -0.704626 
2.45 -0.0662189 -0.703999 
2.46 -0.0732554 -0.703302 
2.47 -0.0802846 -0.702534 
2.48 -0.0873057 -0.701696 
2.49 -0.0943182 -0.700788 
2.5 -0.101321 -0.69981 
2.51 -0.108314 -0.698762 
2.52 -0.115296 -0.697644 
2.53 -0.122267 -0.696456 
2.54 -0.129225 -0.695198 
2.55 -0.13617 -0.693872 
2.56 -0.143102 -0.692475 
2.57 -0.150019 -0.69101 
2.58 -0.156922 -0.689475 
2.59 -0.163808 -0.687871 
2.6 -0.170679 -0.686199 
2.61 -0.177532 -0.684458 
2.62 -0.184368 -0.682648 
2.63 -0.191185 -0.68077 
2.64 -0.197983 -0.678825 
2.65 -0.204761 -0.676811 
2.66 -0.211519 -0.674729 
2.67 -0.218255 -0.672581 
2.68 -0.22497 -0.670364 
2.69 -0.231662 -0.668081 
2.7 -0.238331 -0.665731 
2.71 -0.244976 -0.663315 
2.72 -0.251597 -0.660832 
2.73 -0.258193 -0.658283 
2.74 -0.264762 -0.655668 
2.75 -0.271306 -0.652988 
2.76 -0.277822 -0.650242 
2.77 -0.28431 -0.647432 
2.78 -0.29077 -0.644556 
2.79 -0.297201 -0.641616 
2.8 -0.303602 -0.638612 
2.81 -0.309973 -0.635544 
2.82 -0.316313 -0.632413 
2.83 -0.322621 -0.629218 
2.84 -0.328897 -0.625961 
2.85 -0.33514 -0.622641 
2.86 -0.341349 -0.619258 
2.87 -0.347525 -0.615814 
2.88 -0.353665 -0.612308 
2.89 -0.359771 -0.608741 
2.9 -0.36584 -0.605113 
2.91 -0.371872 -0.601424 
2.92 -0.377868 -0.597675 
2.93 -0.383826 -0.593867 
2.94 -0.389745 -0.589999 
2.95 -0.395625 -0.586072 
2.96 -0.401466 -0.582087 
2.97 -0.407267 -0.578043 
2.98 -0.413027 -0.573942 
2.99 -0.418745 -0.569783 
3 -0.424422 -0.565567 
3.01 -0.430056 -0.561294 
3.02 -0.435648 -0.556966 
3.03 -0.441195 -0.552582 
3.04 -0.446699 -0.548142 
3.05 -0.452158 -0.543648 
3.06 -0.457572 -0.539099 
3.07 -0.46294 -0.534497 
3.08 -0.468261 -0.529841 
3.09 -0.473536 -0.525132 
3.1 -0.478764 -0.52037 
3.11 -0.483943 -0.515557 
3.12 -0.489075 -0.510692 
3.13 -0.494157 -0.505775 
3.14 -0.49919 -0.500809 
3.15 -0.504173 -0.495792 
3.16 -0.509106 -0.490726 
3.17 -0.513987 -0.48561 
3.18 -0.518817 -0.480446 
3.19 -0.523596 -0.475234 
3.2 -0.528322 -0.469974 
3.21 -0.532995 -0.464668 
3.22 -0.537615 -0.459315 
3.23 -0.542181 -0.453916 
3.24 -0.546693 -0.448471 
3.25 -0.55115 -0.442982 
3.26 -0.555553 -0.437449 
3.27 -0.559899 -0.431871 
3.28 -0.56419 -0.426251 
3.29 -0.568424 -0.420588 
3.3 -0.572601 -0.414883 
3.31 -0.576721 -0.409136 
3.32 -0.580784 -0.403349 
3.33 -0.584788 -0.397521 
3.34 -0.588734 -0.391653 
3.35 -0.592621 -0.385746 
3.36 -0.596449 -0.379801 
3.37 -0.600217 -0.373818 
3.38 -0.603925 -0.367797 
3.39 -0.607573 -0.36174 
3.4 -0.61116 -0.355646 
3.41 -0.614685 -0.349517 
3.42 -0.61815 -0.343352 
3.43 -0.621552 -0.337154 
3.44 -0.624893 -0.330922 
3.45 -0.628171 -0.324656 
3.46 -0.631386 -0.318359 
3.47 -0.634538 -0.312029 
3.48 -0.637626 -0.305668 
3.49 -0.640651 -0.299277 
3.5 -0.643611 -0.292856 
3.51 -0.646508 -0.286405 
3.52 -0.649339 -0.279926 
3.53 -0.652106 -0.273418 
3.54 -0.654808 -0.266884 
3.55 -0.657444 -0.260323 
3.56 -0.660014 -0.253735 
3.57 -0.662518 -0.247123 
3.58 -0.664956 -0.240485 
3.59 -0.667328 -0.233824 
3.6 -0.669633 -0.227139 
3.61 -0.67187 -0.220432 
3.62 -0.674041 -0.213702 
3.63 -0.676144 -0.206951 
3.64 -0.67818 -0.200179 
3.65 -0.680148 -0.193388 
3.66 -0.682048 -0.186577 
3.67 -0.683879 -0.179747 
3.68 -0.685643 -0.1729 
3.69 -0.687337 -0.166035 
3.7 -0.688963 -0.159153 
3.71 -0.69052 -0.152256 
3.72 -0.692008 -0.145343 
3.73 -0.693427 -0.138416 
3.74 -0.694776 -0.131475 
3.75 -0.696056 -0.124521 
3.76 -0.697267 -0.117554 
3.77 -0.698407 -0.110576 
3.78 -0.699478 -0.103586 
3.79 -0.700479 -0.0965866 
3.8 -0.70141 -0.0895771 
3.81 -0.702271 -0.0825587 
3.82 -0.703061 -0.0755321 
3.83 -0.703781 -0.0684978 
3.84 -0.704431 -0.0614568 
3.85 -0.70501 -0.0544096 
3.86 -0.705519 -0.0473569 
3.87 -0.705957 -0.0402995 
3.88 -0.706325 -0.0332381 
3.89 -0.706622 -0.0261734 
3.9 -0.706849 -0.019106 
3.91 -0.707004 -0.0120368 
3.92 -0.707089 -0.00496631 
3.93 -0.707104 0.00210465 
3.94 -0.707047 0.00917541 
3.95 -0.70692 0.0162452 
3.96 -0.706722 0.0233135 
3.97 -0.706454 0.0303793 
3.98 -0.706115 0.0374422 
3.99 -0.705705 0.0445013 
4 -0.705225 0.0515559 
4.01 -0.704674 0.0586054 
4.02 -0.704053 0.0656491 
4.03 -0.703361 0.0726861 
4.04 -0.702599 0.0797159 
4.05 -0.701767 0.0867378 
4.06 -0.700864 0.0937509 
4.07 -0.699892 0.100755 
4.08 -0.698849 0.107748 
4.09 -0.697737 0.114731 
4.1 -0.696555 0.121703 
4.11 -0.695303 0.128662 
4.12 -0.693982 0.135608 
4.13 -0.692591 0.142541 
4.14 -0.691131 0.14946 
4.15 -0.689602 0.156364 
4.16 -0.688004 0.163252 
4.17 -0.686337 0.170123 
4.18 -0.684601 0.176978 
4.19 -0.682797 0.183815 
4.2 -0.680925 0.190634 
4.21 -0.678985 0.197433 
4.22 -0.676976 0.204213 
4.23 -0.6749 0.210972 
4.24 -0.672757 0.217711 
4.25 -0.670546 0.224427 
4.26 -0.668269 0.231121 
4.27 -0.665924 0.237792 
4.28 -0.663513 0.244439 
4.29 -0.661035 0.251062 
4.3 -0.658492 0.25766 
4.31 -0.655882 0.264232 
4.32 -0.653207 0.270777 
4.33 -0.650467 0.277295 
4.34 -0.647662 0.283786 
4.35 -0.644791 0.290248 
4.36 -0.641857 0.296682 
4.37 -0.638858 0.303085 
4.38 -0.635795 0.309458 
4.39 -0.632669 0.315801 
4.4 -0.629479 0.322112 
4.41 -0.626227 0.32839 
4.42 -0.622912 0.334636 
4.43 -0.619534 0.340848 
4.44 -0.616095 0.347026 
4.45 -0.612594 0.35317 
4.46 -0.609032 0.359278 
4.47 -0.605409 0.36535 
4.48 -0.601725 0.371386 
4.49 -0.597981 0.377384 
4.5 -0.594177 0.383345 
4.51 -0.590314 0.389267 
4.52 -0.586392 0.395151 
4.53 -0.582411 0.400995 
4.54 -0.578372 0.406799 
4.55 -0.574276 0.412562 
4.56 -0.570121 0.418284 
4.57 -0.56591 0.423964 
4.58 -0.561642 0.429602 
4.59 -0.557318 0.435197 
4.6 -0.552939 0.440748 
4.61 -0.548504 0.446255 
4.62 -0.544014 0.451718 
4.63 -0.53947 0.457135 
4.64 -0.534871 0.462507 
4.65 -0.53022 0.467832 
4.66 -0.525515 0.473111 
4.67 -0.520758 0.478342 
4.68 -0.515948 0.483526 
4.69 -0.511087 0.488661 
4.7 -0.506175 0.493747 
4.71 -0.501213 0.498784 
4.72 -0.4962 0.503771 
4.73 -0.491137 0.508708 
4.74 -0.486026 0.513594 
4.75 -0.480866 0.518428 
4.76 -0.475658 0.523211 
4.77 -0.470402 0.527941 
4.78 -0.465099 0.532619 
4.79 -0.45975 0.537243 
4.8 -0.454354 0.541814 
4.81 -0.448914 0.54633 
4.82 -0.443428 0.550792 
4.83 -0.437898 0.555198 
4.84 -0.432324 0.559549 
4.85 -0.426708 0.563845 
4.86 -0.421048 0.568083 
4.87 -0.415346 0.572265 
4.88 -0.409603 0.57639 
4.89 -0.403819 0.580457 
4.9 -0.397994 0.584466 
4.91 -0.39213 0.588417 
4.92 -0.386226 0.592309 
4.93 -0.380284 0.596141 
4.94 -0.374303 0.599914 
4.95 -0.368286 0.603627 
4.96 -0.362231 0.60728 
4.97 -0.35614 0.610872 
4.98 -0.350014 0.614402 
4.99 -0.343853 0.617872 
5 -0.337657 0.621279 
5.01 -0.331427 0.624625 
5.02 -0.325165 0.627908 
5.03 -0.31887 0.631128 
5.04 -0.312543 0.634285 
5.05 -0.306184 0.637378 
5.06 -0.299795 0.640408 
5.07 -0.293376 0.643374 
5.08 -0.286928 0.646276 
5.09 -0.280451 0.649113 
5.1 -0.273946 0.651885 
5.11 -0.267414 0.654591 
5.12 -0.260855 0.657233 
5.13 -0.254269 0.659808 
5.14 -0.247659 0.662318 
5.15 -0.241023 0.664761 
5.16 -0.234364 0.667138 
5.17 -0.227681 0.669449 
5.18 -0.220975 0.671692 
5.19 -0.214248 0.673868 
5.2 -0.207498 0.675977 
5.21 -0.200728 0.678018 
5.22 -0.193938 0.679991 
5.23 -0.187129 0.681896 
5.24 -0.180301 0.683734 
5.25 -0.173454 0.685502 
5.26 -0.166591 0.687203 
5.27 -0.159711 0.688834 
5.28 -0.152815 0.690397 
5.29 -0.145903 0.69189 
5.3 -0.138977 0.693315 
5.31 -0.132037 0.69467 
5.32 -0.125084 0.695955 
5.33 -0.118118 0.697171 
5.34 -0.111141 0.698318 
5.35 -0.104152 0.699394 
5.36 -0.0971535 0.700401 
5.37 -0.0901448 0.701337 
5.38 -0.0831271 0.702204 
5.39 -0.0761011 0.703 
5.4 -0.0690675 0.703726 
5.41 -0.0620269 0.704381 
5.42 -0.0549802 0.704966 
5.43 -0.047928 0.705481 
5.44 -0.0408709 0.705925 
5.45 -0.0338098 0.706298 
5.46 -0.0267453 0.706601 
5.47 -0.0196782 0.706833 
5.48 -0.012609 0.706994 
5.49 -0.00553864 0.707085 
5.5 0.00153232 0.707105 
5.51 0.00860311 0.707054 
5.52 0.0156731 0.706933 
5.53 0.0227414 0.706741 
5.54 0.0298075 0.706478 
5.55 0.0368706 0.706145 
5.56 0.0439301 0.705741 
5.57 0.0509851 0.705266 
5.58 0.058035 0.704721 
5.59 0.0650792 0.704106 
5.6 0.0721168 0.70342 
5.61 0.0791472 0.702663 
5.62 0.0861697 0.701837 
5.63 0.0931836 0.70094 
5.64 0.100188 0.699973 
5.65 0.107183 0.698936 
5.66 0.114167 0.697829 
5.67 0.121139 0.696653 
5.68 0.128099 0.695407 
5.69 0.135047 0.694091 
5.7 0.141981 0.692706 
5.71 0.148901 0.691252 
5.72 0.155805 0.689728 
5.73 0.162695 0.688135 
5.74 0.169568 0.686474 
5.75 0.176424 0.684744 
5.76 0.183262 0.682946 
5.77 0.190082 0.681079 
5.78 0.196884 0.679144 
5.79 0.203665 0.677141 
5.8 0.210426 0.675071 
5.81 0.217166 0.672933 
5.82 0.223884 0.670728 
5.83 0.23058 0.668455 
5.84 0.237253 0.666116 
5.85 0.243902 0.663711 
5.86 0.250527 0.661238 
5.87 0.257127 0.6587 
5.88 0.263701 0.656096 
5.89 0.270248 0.653426 
5.9 0.276769 0.650691 
5.91 0.283262 0.647891 
5.92 0.289726 0.645026 
5.93 0.296162 0.642097 
5.94 0.302568 0.639103 
5.95 0.308944 0.636045 
5.96 0.315289 0.632924 
5.97 0.321602 0.62974 
5.98 0.327883 0.626492 
5.99 0.334131 0.623182 
6 0.340346 0.61981 
6.01 0.346527 0.616376 
6.02 0.352674 0.61288 
6.03 0.358785 0.609322 
6.04 0.36486 0.605704 
6.05 0.370898 0.602025 
6.06 0.3769 0.598286 
6.07 0.382864 0.594487 
6.08 0.388789 0.590629 
6.09 0.394676 0.586712 
6.1 0.400523 0.582736 
6.11 0.406331 0.578702 
6.12 0.412097 0.574609 
6.13 0.417822 0.57046 
6.14 0.423506 0.566253 
6.15 0.429147 0.56199 
6.16 0.434746 0.55767 
6.17 0.4403 0.553295 
6.18 0.445811 0.548865 
6.19 0.451277 0.544379 
6.2 0.456698 0.539839 
6.21 0.462074 0.535245 
6.22 0.467403 0.530598 
6.23 0.472686 0.525898 
6.24 0.477921 0.521145 
6.25 0.483108 0.516339 
6.26 0.488247 0.511483 
6.27 0.493338 0.506575 
6.28 0.498379 0.501616 
6.29 0.50337 0.496607 
6.3 0.50831 0.491549 
6.31 0.5132 0.486441 
6.32 0.518039 0.481285 
6.33 0.522826 0.476081 
6.34 0.52756 0.470829 
6.35 0.532242 0.46553 
6.36 0.536871 0.460184 
6.37 0.541446 0.454793 
6.38 0.545966 0.449356 
6.39 0.550433 0.443874 
6.4 0.554844 0.438347 
6.41 0.559199 0.432777 
6.42 0.563499 0.427164 
6.43 0.567742 0.421508 
6.44 0.571929 0.415809 
6.45 0.576058 0.410069 
6.46 0.58013 0.404288 
6.47 0.584144 0.398467 
6.48 0.588099 0.392606 
6.49 0.591996 0.386705 
6.5 0.595833 0.380766 
6.51 0.599611 0.374789 
6.52 0.603329 0.368774 
6.53 0.606986 0.362723 
6.54 0.610583 0.356635 
6.55 0.614119 0.350511 
6.56 0.617593 0.344353 
6.57 0.621006 0.33816 
6.58 0.624356 0.331933 
6.59 0.627644 0.325673 
6.6 0.630869 0.31938 
6.61 0.634032 0.313056 
6.62 0.63713 0.3067 
6.63 0.640165 0.300314 
6.64 0.643136 0.293897 
6.65 0.646043 0.287451 
6.66 0.648885 0.280976 
6.67 0.651663 0.274474 
6.68 0.654375 0.267944 
6.69 0.657021 0.261387 
6.7 0.659602 0.254803 
6.71 0.662117 0.248195 
6.72 0.664566 0.241561 
6.73 0.666948 0.234904 
6.74 0.669264 0.228223 
6.75 0.671513 0.221519 
6.76 0.673694 0.214793 
6.77 0.675808 0.208045 
6.78 0.677855 0.201277 
6.79 0.679834 0.194489 
6.8 0.681745 0.187681 
6.81 0.683587 0.180854 
6.82 0.685362 0.174009 
6.83 0.687068 0.167147 
6.84 0.688705 0.160268 
6.85 0.690273 0.153373 
6.86 0.691772 0.146463 
6.87 0.693202 0.139538 
6.88 0.694563 0.132599 
6.89 0.695854 0.125647 
6.9 0.697076 0.118683 
6.91 0.698228 0.111706 
6.92 0.69931 0.104719 
6.93 0.700322 0.0977204 
6.94 0.701264 0.0907125 
6.95 0.702136 0.0836955 
6.96 0.702938 0.0766701 
6.97 0.703669 0.0696371 
6.98 0.704331 0.0625971 
6.99 0.704921 0.0555508 
7 0.705442 0.048499 
7.01 0.705891 0.0414423 
7.02 0.70627 0.0343815 
7.03 0.706579 0.0273173 
7.04 0.706817 0.0202503 
7.05 0.706984 0.0131813 
7.06 0.70708 0.00611096 
7.07 0.707106 -0.000959977 
7.08 0.707061 -0.00803081 
7.09 0.706946 -0.0151008 
7.1 0.706759 -0.0221694 
7.11 0.706502 -0.0292357 
7.12 0.706174 -0.0362991 
7.13 0.705776 -0.0433588 
7.14 0.705307 -0.0504142 
7.15 0.704768 -0.0574646 
7.16 0.704158 -0.0645092 
7.17 0.703478 -0.0715474 
7.18 0.702727 -0.0785784 
7.19 0.701906 -0.0856016 
7.2 0.701015 -0.0926162 
7.21 0.700054 -0.0996216 
7.22 0.699023 -0.106617 
7.23 0.697922 -0.113602 
7.24 0.696751 -0.120575 
7.25 0.69551 -0.127536 
7.26 0.6942 -0.134485 
7.27 0.692821 -0.14142 
7.28 0.691372 -0.148341 
7.29 0.689854 -0.155247 
7.3 0.688267 -0.162138 
7.31 0.686611 -0.169012 
7.32 0.684887 -0.17587 
7.33 0.683094 -0.182709 
7.34 0.681233 -0.189531 
7.35 0.679303 -0.196334 
7.36 0.677306 -0.203117 
7.37 0.675241 -0.20988 
7.38 0.673109 -0.216621 
7.39 0.670909 -0.223341 
7.4 0.668642 -0.230039 
7.41 0.666308 -0.236714 
7.42 0.663908 -0.243365 
7.43 0.661441 -0.249992 
7.44 0.658908 -0.256593 
7.45 0.656309 -0.26317 
7.46 0.653645 -0.269719 
7.47 0.650915 -0.276242 
7.48 0.64812 -0.282737 
7.49 0.64526 -0.289204 
7.5 0.642336 -0.295642 
7.51 0.639348 -0.302051 
7.52 0.636295 -0.308429 
7.53 0.633179 -0.314776 
7.54 0.63 -0.321092 
7.55 0.626758 -0.327376 
7.56 0.623453 -0.333627 
7.57 0.620085 -0.339845 
7.58 0.616656 -0.346028 
7.59 0.613165 -0.352177 
7.6 0.609612 -0.358291 
7.61 0.605999 -0.364369 
7.62 0.602325 -0.370411 
7.63 0.598591 -0.376416 
7.64 0.594797 -0.382383 
7.65 0.590944 -0.388311 
7.66 0.587031 -0.394201 
7.67 0.58306 -0.400052 
7.68 0.57903 -0.405862 
7.69 0.574943 -0.411632 
7.7 0.570798 -0.417361 
7.71 0.566596 -0.423048 
7.72 0.562337 -0.428692 
7.73 0.558022 -0.434294 
7.74 0.553651 -0.439852 
7.75 0.549225 -0.445367 
7.76 0.544744 -0.450837 
7.77 0.540209 -0.456261 
7.78 0.535619 -0.46164 
7.79 0.530976 -0.466973 
7.8 0.52628 -0.47226 
7.81 0.521531 -0.477499 
7.82 0.51673 -0.48269 
7.83 0.511878 -0.487833 
7.84 0.506974 -0.492927 
7.85 0.502019 -0.497972 
7.86 0.497015 -0.502968 
7.87 0.49196 -0.507912 
7.88 0.486857 -0.512807 
7.89 0.481704 -0.517649 
7.9 0.476504 -0.52244 
7.91 0.471256 -0.527179 
7.92 0.465961 -0.531865 
7.93 0.460619 -0.536498 
7.94 0.455231 -0.541077 
7.95 0.449798 -0.545603 
7.96 0.444319 -0.550073 
7.97 0.438796 -0.554489 
7.98 0.43323 -0.558849 
7.99 0.42762 -0.563153 
8 0.421967 -0.567401 
8.01 0.416272 -0.571592 
8.02 0.410535 -0.575726 
8.03 0.404758 -0.579803 
8.04 0.39894 -0.583821 
8.05 0.393082 -0.587781 
8.06 0.387184 -0.591683 
8.07 0.381248 -0.595525 
8.08 0.375274 -0.599307 
8.09 0.369262 -0.60303 
8.1 0.363214 -0.606692 
8.11 0.357129 -0.610294 
8.12 0.351008 -0.613835 
8.13 0.344852 -0.617314 
8.14 0.338662 -0.620732 
8.15 0.332438 -0.624087 
8.16 0.326181 -0.62738 
8.17 0.319891 -0.630611 
8.18 0.313569 -0.633778 
8.19 0.307216 -0.636882 
8.2 0.300832 -0.639922 
8.21 0.294417 -0.642898 
8.22 0.287974 -0.64581 
8.23 0.281502 -0.648658 
8.24 0.275001 -0.65144 
8.25 0.268473 -0.654158 
8.26 0.261918 -0.65681 
8.27 0.255337 -0.659396 
8.28 0.248731 -0.661916 
8.29 0.242099 -0.66437 
8.3 0.235444 -0.666758 
8.31 0.228764 -0.669079 
8.32 0.222062 -0.671333 
8.33 0.215338 -0.67352 
8.34 0.208592 -0.67564 
8.35 0.201826 -0.677692 
8.36 0.195039 -0.679676 
8.37 0.188232 -0.681593 
8.38 0.181407 -0.683441 
8.39 0.174564 -0.685221 
8.4 0.167703 -0.686932 
8.41 0.160826 -0.688575 
8.42 0.153932 -0.690148 
8.43 0.147023 -0.691653 
8.44 0.140099 -0.693089 
8.45 0.133162 -0.694455 
8.46 0.126211 -0.695752 
8.47 0.119247 -0.696979 
8.48 0.112271 -0.698137 
8.49 0.105285 -0.699225 
8.5 0.0982872 -0.700243 
8.51 0.09128 -0.70119 
8.52 0.0842637 -0.702068 
8.53 0.077239 -0.702876 
8.54 0.0702066 -0.703613 
8.55 0.0631671 -0.70428 
8.56 0.0561213 -0.704876 
8.57 0.04907 -0.705402 
8.58 0.0420137 -0.705858 
8.59 0.0349532 -0.706242 
8.6 0.0278892 -0.706557 
8.61 0.0208224 -0.7068 
8.62 0.0137535 -0.706973 
8.63 0.00668327 -0.707075 
8.64 -0.000387638 -0.707107 
8.65 -0.00745851 -0.707067 
8.66 -0.0145286 -0.706958 
8.67 -0.0215973 -0.706777 
8.68 -0.0286638 -0.706526 
8.69 -0.0357275 -0.706204 
8.7 -0.0427875 -0.705811 
8.71 -0.0498433 -0.705348 
8.72 -0.0568941 -0.704814 
8.73 -0.0639393 -0.70421 
8.74 -0.070978 -0.703535 
8.75 -0.0780096 -0.702791 
8.76 -0.0850334 -0.701975 
8.77 -0.0920488 -0.70109 
8.78 -0.0990549 -0.700134 
8.79 -0.106051 -0.699109 
8.8 -0.113037 -0.698013 
8.81 -0.120011 -0.696848 
8.82 -0.126973 -0.695613 
8.83 -0.133923 -0.694309 
8.84 -0.140859 -0.692935 
8.85 -0.147781 -0.691492 
8.86 -0.154689 -0.689979 
8.87 -0.161581 -0.688398 
8.88 -0.168456 -0.686748 
8.89 -0.175315 -0.685029 
8.9 -0.182157 -0.683242 
8.91 -0.18898 -0.681386 
8.92 -0.195784 -0.679462 
8.93 -0.202569 -0.67747 
8.94 -0.209333 -0.675411 
8.95 -0.216076 -0.673284 
8.96 -0.222798 -0.671089 
8.97 -0.229498 -0.668828 
8.98 -0.236175 -0.6665 
8.99 -0.242828 -0.664105 
9 -0.249456 -0.661643 
9.01 -0.25606 -0.659116 
9.02 -0.262638 -0.656522 
9.03 -0.26919 -0.653863 
9.04 -0.275715 -0.651138 
9.05 -0.282213 -0.648349 
9.06 -0.288682 -0.645494 
9.07 -0.295122 -0.642575 
9.08 -0.301533 -0.639592 
9.09 -0.307914 -0.636545 
9.1 -0.314264 -0.633434 
9.11 -0.320582 -0.63026 
9.12 -0.326868 -0.627022 
9.13 -0.333122 -0.623722 
9.14 -0.339343 -0.62036 
9.15 -0.345529 -0.616936 
9.16 -0.351681 -0.61345 
9.17 -0.357798 -0.609902 
9.18 -0.363879 -0.606294 
9.19 -0.369923 -0.602625 
9.2 -0.375931 -0.598896 
9.21 -0.381901 -0.595106 
9.22 -0.387833 -0.591258 
9.23 -0.393726 -0.58735 
9.24 -0.399579 -0.583383 
9.25 -0.405393 -0.579359 
9.26 -0.411166 -0.575276 
9.27 -0.416898 -0.571135 
9.28 -0.422589 -0.566938 
9.29 -0.428237 -0.562684 
9.3 -0.433842 -0.558373 
9.31 -0.439404 -0.554007 
9.32 -0.444922 -0.549586 
9.33 -0.450396 -0.545109 
9.34 -0.455824 -0.540578 
9.35 -0.461207 -0.535993 
9.36 -0.466544 -0.531354 
9.37 -0.471834 -0.526662 
9.38 -0.477077 -0.521918 
9.39 -0.482272 -0.517121 
9.4 -0.487419 -0.512272 
9.41 -0.492517 -0.507373 
9.42 -0.497566 -0.502422 
9.43 -0.502565 -0.497422 
9.44 -0.507514 -0.492371 
9.45 -0.512412 -0.487272 
9.46 -0.517259 -0.482123 
9.47 -0.522055 -0.476927 
9.48 -0.526798 -0.471682 
9.49 -0.531488 -0.466391 
9.5 -0.536125 -0.461053 
9.51 -0.540709 -0.455669 
9.52 -0.545238 -0.450239 
9.53 -0.549713 -0.444764 
9.54 -0.554133 -0.439245 
9.55 -0.558498 -0.433682 
9.56 -0.562807 -0.428075 
9.57 -0.567059 -0.422426 
9.58 -0.571255 -0.416734 
9.59 -0.575394 -0.411001 
9.6 -0.579475 -0.405227 
9.61 -0.583498 -0.399412 
9.62 -0.587463 -0.393557 
9.63 -0.591369 -0.387663 
9.64 -0.595216 -0.38173 
9.65 -0.599003 -0.375759 
9.66 -0.602731 -0.36975 
9.67 -0.606398 -0.363705 
9.68 -0.610005 -0.357623 
9.69 -0.613551 -0.351505 
9.7 -0.617035 -0.345352 
9.71 -0.620457 -0.339165 
9.72 -0.623818 -0.332943 
9.73 -0.627116 -0.326688 
9.74 -0.630352 -0.320401 
9.75 -0.633524 -0.314082 
9.76 -0.636633 -0.307731 
9.77 -0.639678 -0.301349 
9.78 -0.64266 -0.294938 
9.79 -0.645577 -0.288497 
9.8 -0.64843 -0.282027 
9.81 -0.651217 -0.275528 
9.82 -0.65394 -0.269003 
9.83 -0.656597 -0.26245 
9.84 -0.659189 -0.255871 
9.85 -0.661715 -0.249266 
9.86 -0.664174 -0.242637 
9.87 -0.666567 -0.235983 
9.88 -0.668894 -0.229306 
9.89 -0.671153 -0.222606 
9.9 -0.673346 -0.215883 
9.91 -0.675471 -0.209139 
9.92 -0.677528 -0.202374 
9.93 -0.679518 -0.195589 
9.94 -0.68144 -0.188784 
9.95 -0.683294 -0.18196 
9.96 -0.685079 -0.175119 
9.97 -0.686796 -0.168259 
9.98 -0.688444 -0.161383 
9.99 -0.690024 -0.154491 
10 -0.691534 -0.147583 
