0 0.25 0.25 
0.01 0.252487 0.247488 
0.02 0.25495 0.24495 
0.03 0.257386 0.242389 
0.04 0.259797 0.239803 
0.05 0.262182 0.237193 
0.06 0.264541 0.234559 
0.07 0.266873 0.231902 
0.08 0.269179 0.229222 
0.09 0.271458 0.226519 
0.1 0.273709 0.223793 
0.11 0.275933 0.221045 
0.12 0.27813 0.218274 
0.13 0.280299 0.215482 
0.14 0.28244 0.212669 
0.15 0.284552 0.209834 
0.16 0.286636 0.206978 
0.17 0.288691 0.204101 
0.18 0.290718 0.201204 
0.19 0.292715 0.198287 
0.2 0.294684 0.19535 
0.21 0.296622 0.192393 
0.22 0.298531 0.189418 
0.23 0.300411 0.186423 
0.24 0.30226 0.183409 
0.25 0.304079 0.180378 
0.26 0.305867 0.177328 
0.27 0.307625 0.174261 
0.28 0.309352 0.171176 
0.29 0.311049 0.168074 
0.3 0.312714 0.164955 
0.31 0.314348 0.16182 
0.32 0.31595 0.158668 
0.33 0.317521 0.155501 
0.34 0.31906 0.152318 
0.35 0.320567 0.14912 
0.36 0.322042 0.145907 
0.37 0.323485 0.142679 
0.38 0.324896 0.139437 
0.39 0.326274 0.136181 
0.4 0.327619 0.132912 
0.41 0.328932 0.129629 
0.42 0.330212 0.126333 
0.43 0.331459 0.123025 
0.44 0.332672 0.119704 
0.45 0.333853 0.116372 
0.46 0.335 0.113027 
0.47 0.336113 0.109672 
0.48 0.337193 0.106305 
0.49 0.338239 0.102928 
0.5 0.339252 0.0995407 
0.51 0.34023 0.0961433 
0.52 0.341174 0.0927362 
0.53 0.342085 0.0893199 
0.54 0.342961 0.0858947 
0.55 0.343803 0.0824609 
0.56 0.34461 0.0790188 
0.57 0.345383 0.0755689 
0.58 0.346121 0.0721114 
0.59 0.346825 0.0686466 
0.6 0.347494 0.065175 
0.61 0.348129 0.0616969 
0.62 0.348728 0.0582126 
0.63 0.349293 0.0547225 
0.64 0.349823 0.0512269 
0.65 0.350317 0.0477262 
0.66 0.350777 0.0442208 
0.67 0.351202 0.0407109 
0.68 0.351591 0.0371969 
0.69 0.351946 0.0336792 
0.7 0.352265 0.0301582 
0.71 0.352549 0.0266341 
0.72 0.352797 0.0231074 
0.73 0.353011 0.0195783 
0.74 0.353189 0.0160473 
0.75 0.353332 0.0125147 
0.76 0.353439 0.00898088 
0.77 0.353511 0.00544613 
0.78 0.353548 0.00191083 
0.79 0.35355 -0.00162466 
0.8 0.353516 -0.00515999 
0.81 0.353446 -0.0086948 
0.82 0.353342 -0.0122287 
0.83 0.353202 -0.0157615 
0.84 0.353027 -0.0192926 
0.85 0.352816 -0.0228218 
0.86 0.35257 -0.0263487 
0.87 0.352289 -0.029873 
0.88 0.351973 -0.0333944 
0.89 0.351621 -0.0369123 
0.9 0.351235 -0.0404266 
0.91 0.350813 -0.0439368 
0.92 0.350356 -0.0474427 
0.93 0.349864 -0.0509438 
0.94 0.349337 -0.0544398 
0.95 0.348775 -0.0579303 
0.96 0.348178 -0.0614151 
0.97 0.347547 -0.0648937 
0.98 0.346881 -0.0683659 
0.99 0.34618 -0.0718312 
1 0.345444 -0.0752893 
1.01 0.344674 -0.0787399 
1.02 0.343869 -0.0821826 
1.03 0.34303 -0.0856171 
1.04 0.342157 -0.089043 
1.05 0.341249 -0.0924601 
1.06 0.340308 -0.0958678 
1.07 0.339332 -0.099266 
1.08 0.338322 -0.102654 
1.09 0.337279 -0.106032 
1.1 0.336202 -0.1094 
1.11 0.335091 -0.112756 
1.12 0.333947 -0.116101 
1.13 0.332769 -0.119435 
1.14 0.331558 -0.122757 
1.15 0.330314 -0.126066 
1.16 0.329037 -0.129363 
1.17 0.327727 -0.132647 
1.18 0.326384 -0.135917 
1.19 0.325009 -0.139174 
1.2 0.323601 -0.142417 
1.21 0.32216 -0.145646 
1.22 0.320688 -0.14886 
1.23 0.319183 -0.152059 
1.24 0.317647 -0.155244 
1.25 0.316078 -0.158412 
1.26 0.314479 -0.161565 
1.27 0.312847 -0.164702 
1.28 0.311185 -0.167822 
1.29 0.309491 -0.170925 
1.3 0.307766 -0.174012 
1.31 0.306011 -0.17708 
1.32 0.304225 -0.180132 
1.33 0.302408 -0.183165 
1.34 0.300561 -0.18618 
1.35 0.298685 -0.189176 
1.36 0.296778 -0.192153 
1.37 0.294842 -0.195111 
1.38 0.292876 -0.19805 
1.39 0.290881 -0.200969 
1.4 0.288857 -0.203867 
1.41 0.286804 -0.206746 
1.42 0.284722 -0.209603 
1.43 0.282612 -0.21244 
1.44 0.280473 -0.215255 
1.45 0.278307 -0.218049 
1.46 0.276112 -0.220821 
1.47 0.27389 -0.223571 
1.48 0.271641 -0.226299 
1.49 0.269364 -0.229004 
1.5 0.267061 -0.231686 
1.51 0.264731 -0.234345 
1.52 0.262374 -0.236981 
1.53 0.259991 -0.239592 
1.54 0.257582 -0.24218 
1.55 0.255148 -0.244744 
1.56 0.252688 -0.247283 
1.57 0.250202 -0.249798 
1.58 0.247692 -0.252287 
1.59 0.245157 -0.254751 
1.6 0.242597 -0.25719 
1.61 0.240013 -0.259603 
1.62 0.237405 -0.26199 
1.63 0.234773 -0.264351 
1.64 0.232118 -0.266686 
1.65 0.22944 -0.268993 
1.66 0.226738 -0.271274 
1.67 0.224014 -0.273528 
1.68 0.221268 -0.275754 
1.69 0.218499 -0.277953 
1.7 0.215709 -0.280124 
1.71 0.212897 -0.282267 
1.72 0.210064 -0.284382 
1.73 0.20721 -0.286468 
1.74 0.204335 -0.288526 
1.75 0.201439 -0.290555 
1.76 0.198524 -0.292555 
1.77 0.195588 -0.294525 
1.78 0.192633 -0.296467 
1.79 0.189659 -0.298378 
1.8 0.186666 -0.30026 
1.81 0.183654 -0.302111 
1.82 0.180624 -0.303933 
1.83 0.177576 -0.305724 
1.84 0.174509 -0.307484 
1.85 0.171426 -0.309214 
1.86 0.168325 -0.310912 
1.87 0.165208 -0.31258 
1.88 0.162074 -0.314217 
1.89 0.158924 -0.315822 
1.9 0.155758 -0.317395 
1.91 0.152576 -0.318937 
1.92 0.149379 -0.320446 
1.93 0.146167 -0.321924 
1.94 0.142941 -0.32337 
1.95 0.1397 -0.324783 
1.96 0.136445 -0.326164 
1.97 0.133177 -0.327512 
1.98 0.129895 -0.328827 
1.99 0.126601 -0.33011 
2 0.123293 -0.331359 
2.01 0.119973 -0.332575 
2.02 0.116642 -0.333758 
2.03 0.113298 -0.334908 
2.04 0.109944 -0.336024 
2.05 0.106578 -0.337107 
2.06 0.103202 -0.338156 
2.07 0.0998152 -0.339171 
2.08 0.0964186 -0.340152 
2.09 0.0930124 -0.341099 
2.1 0.0895968 -0.342012 
2.11 0.0861723 -0.342891 
2.12 0.0827391 -0.343736 
2.13 0.0792977 -0.344546 
2.14 0.0758484 -0.345322 
2.15 0.0723915 -0.346063 
2.16 0.0689273 -0.346769 
2.17 0.0654563 -0.347441 
2.18 0.0619787 -0.348079 
2.19 0.0584949 -0.348681 
2.2 0.0550052 -0.349248 
2.21 0.0515101 -0.349781 
2.22 0.0480098 -0.350279 
2.23 0.0445047 -0.350741 
2.24 0.0409951 -0.351169 
2.25 0.0374815 -0.351561 
2.26 0.0339641 -0.351918 
2.27 0.0304433 -0.35224 
2.28 0.0269195 -0.352527 
2.29 0.0233929 -0.352779 
2.3 0.0198641 -0.352995 
2.31 0.0163332 -0.353176 
2.32 0.0128007 -0.353322 
2.33 0.00926695 -0.353432 
2.34 0.00573226 -0.353507 
2.35 0.00219699 -0.353547 
2.36 -0.00133849 -0.353551 
2.37 -0.00487385 -0.35352 
2.38 -0.00840871 -0.353453 
2.39 -0.0119427 -0.353352 
2.4 -0.0154756 -0.353215 
2.41 -0.0190069 -0.353042 
2.42 -0.0225362 -0.352834 
2.43 -0.0260634 -0.352591 
2.44 -0.0295879 -0.352313 
2.45 -0.0331095 -0.352 
2.46 -0.0366277 -0.351651 
2.47 -0.0401423 -0.351267 
2.48 -0.0436529 -0.350848 
2.49 -0.0471591 -0.350394 
2.5 -0.0506606 -0.349905 
2.51 -0.054157 -0.349381 
2.52 -0.057648 -0.348822 
2.53 -0.0611333 -0.348228 
2.54 -0.0646124 -0.347599 
2.55 -0.0680851 -0.346936 
2.56 -0.0715509 -0.346238 
2.57 -0.0750097 -0.345505 
2.58 -0.0784609 -0.344737 
2.59 -0.0819042 -0.343936 
2.6 -0.0853394 -0.343099 
2.61 -0.0887661 -0.342229 
2.62 -0.0921838 -0.341324 
2.63 -0.0955924 -0.340385 
2.64 -0.0989914 -0.339412 
2.65 -0.10238 -0.338405 
2.66 -0.105759 -0.337365 
2.67 -0.109128 -0.33629 
2.68 -0.112485 -0.335182 
2.69 -0.115831 -0.334041 
2.7 -0.119166 -0.332866 
2.71 -0.122488 -0.331657 
2.72 -0.125799 -0.330416 
2.73 -0.129096 -0.329142 
2.74 -0.132381 -0.327834 
2.75 -0.135653 -0.326494 
2.76 -0.138911 -0.325121 
2.77 -0.142155 -0.323716 
2.78 -0.145385 -0.322278 
2.79 -0.148601 -0.320808 
2.8 -0.151801 -0.319306 
2.81 -0.154986 -0.317772 
2.82 -0.158156 -0.316207 
2.83 -0.16131 -0.314609 
2.84 -0.164448 -0.31298 
2.85 -0.16757 -0.31132 
2.86 -0.170675 -0.309629 
2.87 -0.173762 -0.307907 
2.88 -0.176833 -0.306154 
2.89 -0.179885 -0.30437 
2.9 -0.18292 -0.302556 
2.91 -0.185936 -0.300712 
2.92 -0.188934 -0.298838 
2.93 -0.191913 -0.296933 
2.94 -0.194873 -0.295 
2.95 -0.197813 -0.293036 
2.96 -0.200733 -0.291043 
2.97 -0.203633 -0.289022 
2.98 -0.206513 -0.286971 
2.99 -0.209373 -0.284891 
3 -0.212211 -0.282783 
3.01 -0.215028 -0.280647 
3.02 -0.217824 -0.278483 
3.03 -0.220598 -0.276291 
3.04 -0.22335 -0.274071 
3.05 -0.226079 -0.271824 
3.06 -0.228786 -0.26955 
3.07 -0.23147 -0.267248 
3.08 -0.234131 -0.26492 
3.09 -0.236768 -0.262566 
3.1 -0.239382 -0.260185 
3.11 -0.241972 -0.257778 
3.12 -0.244537 -0.255346 
3.13 -0.247079 -0.252888 
3.14 -0.249595 -0.250404 
3.15 -0.252086 -0.247896 
3.16 -0.254553 -0.245363 
3.17 -0.256994 -0.242805 
3.18 -0.259409 -0.240223 
3.19 -0.261798 -0.237617 
3.2 -0.264161 -0.234987 
3.21 -0.266498 -0.232334 
3.22 -0.268808 -0.229657 
3.23 -0.271091 -0.226958 
3.24 -0.273347 -0.224236 
3.25 -0.275575 -0.221491 
3.26 -0.277776 -0.218724 
3.27 -0.27995 -0.215936 
3.28 -0.282095 -0.213125 
3.29 -0.284212 -0.210294 
3.3 -0.286301 -0.207441 
3.31 -0.288361 -0.204568 
3.32 -0.290392 -0.201674 
3.33 -0.292394 -0.19876 
3.34 -0.294367 -0.195827 
3.35 -0.296311 -0.192873 
3.36 -0.298224 -0.189901 
3.37 -0.300108 -0.186909 
3.38 -0.301962 -0.183899 
3.39 -0.303786 -0.18087 
3.4 -0.30558 -0.177823 
3.41 -0.307343 -0.174758 
3.42 -0.309075 -0.171676 
3.43 -0.310776 -0.168577 
3.44 -0.312446 -0.165461 
3.45 -0.314085 -0.162328 
3.46 -0.315693 -0.159179 
3.47 -0.317269 -0.156015 
3.48 -0.318813 -0.152834 
3.49 -0.320325 -0.149638 
3.5 -0.321806 -0.146428 
3.51 -0.323254 -0.143202 
3.52 -0.32467 -0.139963 
3.53 -0.326053 -0.136709 
3.54 -0.327404 -0.133442 
3.55 -0.328722 -0.130161 
3.56 -0.330007 -0.126868 
3.57 -0.331259 -0.123561 
3.58 -0.332478 -0.120243 
3.59 -0.333664 -0.116912 
3.6 -0.334816 -0.11357 
3.61 -0.335935 -0.110216 
3.62 -0.337021 -0.106851 
3.63 -0.338072 -0.103476 
3.64 -0.33909 -0.10009 
3.65 -0.340074 -0.0966939 
3.66 -0.341024 -0.0932884 
3.67 -0.34194 -0.0898736 
3.68 -0.342821 -0.0864498 
3.69 -0.343669 -0.0830173 
3.7 -0.344482 -0.0795766 
3.71 -0.34526 -0.0761279 
3.72 -0.346004 -0.0726716 
3.73 -0.346714 -0.069208 
3.74 -0.347388 -0.0657375 
3.75 -0.348028 -0.0622604 
3.76 -0.348633 -0.0587771 
3.77 -0.349204 -0.0552879 
3.78 -0.349739 -0.0517932 
3.79 -0.35024 -0.0482933 
3.8 -0.350705 -0.0447886 
3.81 -0.351135 -0.0412794 
3.82 -0.351531 -0.037766 
3.83 -0.351891 -0.0342489 
3.84 -0.352216 -0.0307284 
3.85 -0.352505 -0.0272048 
3.86 -0.35276 -0.0236785 
3.87 -0.352979 -0.0201498 
3.88 -0.353163 -0.0166191 
3.89 -0.353311 -0.0130867 
3.9 -0.353424 -0.00955302 
3.91 -0.353502 -0.00601839 
3.92 -0.353545 -0.00248316 
3.93 -0.353552 0.00105233 
3.94 -0.353524 0.0045877 
3.95 -0.35346 0.00812262 
3.96 -0.353361 0.0116567 
3.97 -0.353227 0.0151897 
3.98 -0.353057 0.0187211 
3.99 -0.352853 0.0222506 
4 -0.352612 0.025778 
4.01 -0.352337 0.0293027 
4.02 -0.352026 0.0328245 
4.03 -0.351681 0.0363431 
4.04 -0.3513 0.039858 
4.05 -0.350883 0.0433689 
4.06 -0.350432 0.0468755 
4.07 -0.349946 0.0503773 
4.08 -0.349425 0.0538742 
4.09 -0.348868 0.0573657 
4.1 -0.348277 0.0608514 
4.11 -0.347651 0.064331 
4.12 -0.346991 0.0678042 
4.13 -0.346295 0.0712707 
4.14 -0.345565 0.07473 
4.15 -0.344801 0.0781818 
4.16 -0.344002 0.0816258 
4.17 -0.343168 0.0850617 
4.18 -0.342301 0.088489 
4.19 -0.341399 0.0919075 
4.2 -0.340462 0.0953168 
4.21 -0.339492 0.0987166 
4.22 -0.338488 0.102106 
4.23 -0.33745 0.105486 
4.24 -0.336379 0.108855 
4.25 -0.335273 0.112214 
4.26 -0.334134 0.115561 
4.27 -0.332962 0.118896 
4.28 -0.331756 0.12222 
4.29 -0.330518 0.125531 
4.3 -0.329246 0.12883 
4.31 -0.327941 0.132116 
4.32 -0.326604 0.135389 
4.33 -0.325233 0.138648 
4.34 -0.323831 0.141893 
4.35 -0.322396 0.145124 
4.36 -0.320928 0.148341 
4.37 -0.319429 0.151543 
4.38 -0.317898 0.154729 
4.39 -0.316334 0.1579 
4.4 -0.31474 0.161056 
4.41 -0.313113 0.164195 
4.42 -0.311456 0.167318 
4.43 -0.309767 0.170424 
4.44 -0.308047 0.173513 
4.45 -0.306297 0.176585 
4.46 -0.304516 0.179639 
4.47 -0.302704 0.182675 
4.48 -0.300862 0.185693 
4.49 -0.29899 0.188692 
4.5 -0.297089 0.191672 
4.51 -0.295157 0.194634 
4.52 -0.293196 0.197575 
4.53 -0.291206 0.200497 
4.54 -0.289186 0.203399 
4.55 -0.287138 0.206281 
4.56 -0.285061 0.209142 
4.57 -0.282955 0.211982 
4.58 -0.280821 0.214801 
4.59 -0.278659 0.217598 
4.6 -0.276469 0.220374 
4.61 -0.274252 0.223128 
4.62 -0.272007 0.225859 
4.63 -0.269735 0.228568 
4.64 -0.267436 0.231253 
4.65 -0.26511 0.233916 
4.66 -0.262757 0.236556 
4.67 -0.260379 0.239171 
4.68 -0.257974 0.241763 
4.69 -0.255544 0.244331 
4.7 -0.253088 0.246874 
4.71 -0.250606 0.249392 
4.72 -0.2481 0.251886 
4.73 -0.245569 0.254354 
4.74 -0.243013 0.256797 
4.75 -0.240433 0.259214 
4.76 -0.237829 0.261606 
4.77 -0.235201 0.263971 
4.78 -0.23255 0.266309 
4.79 -0.229875 0.268622 
4.8 -0.227177 0.270907 
4.81 -0.224457 0.273165 
4.82 -0.221714 0.275396 
4.83 -0.218949 0.277599 
4.84 -0.216162 0.279775 
4.85 -0.213354 0.281922 
4.86 -0.210524 0.284042 
4.87 -0.207673 0.286133 
4.88 -0.204801 0.288195 
4.89 -0.201909 0.290229 
4.9 -0.198997 0.292233 
4.91 -0.196065 0.294208 
4.92 -0.193113 0.296154 
4.93 -0.190142 0.298071 
4.94 -0.187152 0.299957 
4.95 -0.184143 0.301814 
4.96 -0.181116 0.30364 
4.97 -0.17807 0.305436 
4.98 -0.175007 0.307201 
4.99 -0.171926 0.308936 
5 -0.168828 0.31064 
5.01 -0.165714 0.312312 
5.02 -0.162582 0.313954 
5.03 -0.159435 0.315564 
5.04 -0.156271 0.317142 
5.05 -0.153092 0.318689 
5.06 -0.149898 0.320204 
5.07 -0.146688 0.321687 
5.08 -0.143464 0.323138 
5.09 -0.140226 0.324556 
5.1 -0.136973 0.325942 
5.11 -0.133707 0.327296 
5.12 -0.130427 0.328616 
5.13 -0.127135 0.329904 
5.14 -0.123829 0.331159 
5.15 -0.120512 0.332381 
5.16 -0.117182 0.333569 
5.17 -0.113841 0.334724 
5.18 -0.110488 0.335846 
5.19 -0.107124 0.336934 
5.2 -0.103749 0.337988 
5.21 -0.100364 0.339009 
5.22 -0.0969691 0.339996 
5.23 -0.0935644 0.340948 
5.24 -0.0901503 0.341867 
5.25 -0.0867272 0.342751 
5.26 -0.0832955 0.343601 
5.27 -0.0798554 0.344417 
5.28 -0.0764073 0.345198 
5.29 -0.0729516 0.345945 
5.3 -0.0694886 0.346657 
5.31 -0.0660186 0.347335 
5.32 -0.0625421 0.347978 
5.33 -0.0590592 0.348586 
5.34 -0.0555705 0.349159 
5.35 -0.0520762 0.349697 
5.36 -0.0485768 0.3502 
5.37 -0.0450724 0.350669 
5.38 -0.0415636 0.351102 
5.39 -0.0380505 0.3515 
5.4 -0.0345337 0.351863 
5.41 -0.0310135 0.352191 
5.42 -0.0274901 0.352483 
5.43 -0.023964 0.35274 
5.44 -0.0204355 0.352962 
5.45 -0.0169049 0.353149 
5.46 -0.0133727 0.3533 
5.47 -0.00983908 0.353416 
5.48 -0.00630452 0.353497 
5.49 -0.00276932 0.353543 
5.5 0.000766158 0.353553 
5.51 0.00430156 0.353527 
5.52 0.00783653 0.353467 
5.53 0.0113707 0.35337 
5.54 0.0149038 0.353239 
5.55 0.0184353 0.353072 
5.56 0.021965 0.35287 
5.57 0.0254925 0.352633 
5.58 0.0290175 0.352361 
5.59 0.0325396 0.352053 
5.6 0.0360584 0.35171 
5.61 0.0395736 0.351332 
5.62 0.0430849 0.350918 
5.63 0.0465918 0.35047 
5.64 0.0500941 0.349987 
5.65 0.0535914 0.349468 
5.66 0.0570833 0.348915 
5.67 0.0605695 0.348326 
5.68 0.0640496 0.347703 
5.69 0.0675234 0.347046 
5.7 0.0709904 0.346353 
5.71 0.0744503 0.345626 
5.72 0.0779027 0.344864 
5.73 0.0813474 0.344068 
5.74 0.0847839 0.343237 
5.75 0.0882119 0.342372 
5.76 0.0916312 0.341473 
5.77 0.0950412 0.34054 
5.78 0.0984418 0.339572 
5.79 0.101832 0.338571 
5.8 0.105213 0.337536 
5.81 0.108583 0.336467 
5.82 0.111942 0.335364 
5.83 0.11529 0.334228 
5.84 0.118627 0.333058 
5.85 0.121951 0.331855 
5.86 0.125264 0.330619 
5.87 0.128563 0.32935 
5.88 0.13185 0.328048 
5.89 0.135124 0.326713 
5.9 0.138384 0.325346 
5.91 0.141631 0.323946 
5.92 0.144863 0.322513 
5.93 0.148081 0.321048 
5.94 0.151284 0.319551 
5.95 0.154472 0.318023 
5.96 0.157644 0.316462 
5.97 0.160801 0.31487 
5.98 0.163942 0.313246 
5.99 0.167066 0.311591 
6 0.170173 0.309905 
6.01 0.173264 0.308188 
6.02 0.176337 0.30644 
6.03 0.179392 0.304661 
6.04 0.18243 0.302852 
6.05 0.185449 0.301013 
6.06 0.18845 0.299143 
6.07 0.191432 0.297244 
6.08 0.194395 0.295315 
6.09 0.197338 0.293356 
6.1 0.200262 0.291368 
6.11 0.203165 0.289351 
6.12 0.206049 0.287305 
6.13 0.208911 0.28523 
6.14 0.211753 0.283127 
6.15 0.214574 0.280995 
6.16 0.217373 0.278835 
6.17 0.22015 0.276648 
6.18 0.222906 0.274432 
6.19 0.225639 0.27219 
6.2 0.228349 0.26992 
6.21 0.231037 0.267623 
6.22 0.233702 0.265299 
6.23 0.236343 0.262949 
6.24 0.23896 0.260572 
6.25 0.241554 0.25817 
6.26 0.244124 0.255741 
6.27 0.246669 0.253287 
6.28 0.249189 0.250808 
6.29 0.251685 0.248304 
6.3 0.254155 0.245775 
6.31 0.2566 0.243221 
6.32 0.25902 0.240643 
6.33 0.261413 0.23804 
6.34 0.26378 0.235415 
6.35 0.266121 0.232765 
6.36 0.268435 0.230092 
6.37 0.270723 0.227396 
6.38 0.272983 0.224678 
6.39 0.275216 0.221937 
6.4 0.277422 0.219174 
6.41 0.2796 0.216389 
6.42 0.28175 0.213582 
6.43 0.283871 0.210754 
6.44 0.285964 0.207905 
6.45 0.288029 0.205035 
6.46 0.290065 0.202144 
6.47 0.292072 0.199233 
6.48 0.29405 0.196303 
6.49 0.295998 0.193353 
6.5 0.297917 0.190383 
6.51 0.299805 0.187394 
6.52 0.301664 0.184387 
6.53 0.303493 0.181361 
6.54 0.305292 0.178317 
6.55 0.307059 0.175256 
6.56 0.308797 0.172176 
6.57 0.310503 0.16908 
6.58 0.312178 0.165966 
6.59 0.313822 0.162836 
6.6 0.315435 0.15969 
6.61 0.317016 0.156528 
6.62 0.318565 0.15335 
6.63 0.320083 0.150157 
6.64 0.321568 0.146949 
6.65 0.323022 0.143726 
6.66 0.324443 0.140488 
6.67 0.325831 0.137237 
6.68 0.327187 0.133972 
6.69 0.328511 0.130693 
6.7 0.329801 0.127402 
6.71 0.331059 0.124097 
6.72 0.332283 0.120781 
6.73 0.333474 0.117452 
6.74 0.334632 0.114111 
6.75 0.335756 0.110759 
6.76 0.336847 0.107396 
6.77 0.337904 0.104023 
6.78 0.338928 0.100639 
6.79 0.339917 0.0972443 
6.8 0.340872 0.0938404 
6.81 0.341794 0.090427 
6.82 0.342681 0.0870046 
6.83 0.343534 0.0835736 
6.84 0.344352 0.0801341 
6.85 0.345136 0.0766867 
6.86 0.345886 0.0732316 
6.87 0.346601 0.0697692 
6.88 0.347281 0.0662997 
6.89 0.347927 0.0628237 
6.9 0.348538 0.0593414 
6.91 0.349114 0.0558531 
6.92 0.349655 0.0523593 
6.93 0.350161 0.0488602 
6.94 0.350632 0.0453562 
6.95 0.351068 0.0418477 
6.96 0.351469 0.038335 
6.97 0.351835 0.0348185 
6.98 0.352165 0.0312985 
6.99 0.352461 0.0277754 
7 0.352721 0.0242495 
7.01 0.352946 0.0207212 
7.02 0.353135 0.0171908 
7.03 0.353289 0.0136586 
7.04 0.353408 0.0101251 
7.05 0.353492 0.00659064 
7.06 0.35354 0.00305548 
7.07 0.353553 -0.000479989 
7.08 0.353531 -0.00401541 
7.09 0.353473 -0.00755042 
7.1 0.35338 -0.0110847 
7.11 0.353251 -0.0146178 
7.12 0.353087 -0.0181495 
7.13 0.352888 -0.0216794 
7.14 0.352654 -0.0252071 
7.15 0.352384 -0.0287323 
7.16 0.352079 -0.0322546 
7.17 0.351739 -0.0357737 
7.18 0.351364 -0.0392892 
7.19 0.350953 -0.0428008 
7.2 0.350508 -0.0463081 
7.21 0.350027 -0.0498108 
7.22 0.349511 -0.0533085 
7.23 0.348961 -0.0568008 
7.24 0.348375 -0.0602875 
7.25 0.347755 -0.0637682 
7.26 0.3471 -0.0672424 
7.27 0.34641 -0.07071 
7.28 0.345686 -0.0741705 
7.29 0.344927 -0.0776235 
7.3 0.344133 -0.0810688 
7.31 0.343306 -0.084506 
7.32 0.342443 -0.0879348 
7.33 0.341547 -0.0913547 
7.34 0.340616 -0.0947655 
7.35 0.339652 -0.0981669 
7.36 0.338653 -0.101558 
7.37 0.337621 -0.10494 
7.38 0.336554 -0.108311 
7.39 0.335454 -0.111671 
7.4 0.334321 -0.11502 
7.41 0.333154 -0.118357 
7.42 0.331954 -0.121682 
7.43 0.33072 -0.124996 
7.44 0.329454 -0.128297 
7.45 0.328155 -0.131585 
7.46 0.326822 -0.13486 
7.47 0.325457 -0.138121 
7.48 0.32406 -0.141369 
7.49 0.32263 -0.144602 
7.5 0.321168 -0.147821 
7.51 0.319674 -0.151025 
7.52 0.318148 -0.154214 
7.53 0.31659 -0.157388 
7.54 0.315 -0.160546 
7.55 0.313379 -0.163688 
7.56 0.311726 -0.166813 
7.57 0.310043 -0.169922 
7.58 0.308328 -0.173014 
7.59 0.306582 -0.176089 
7.6 0.304806 -0.179146 
7.61 0.303 -0.182185 
7.62 0.301163 -0.185205 
7.63 0.299296 -0.188208 
7.64 0.297399 -0.191191 
7.65 0.295472 -0.194156 
7.66 0.293516 -0.197101 
7.67 0.29153 -0.200026 
7.68 0.289515 -0.202931 
7.69 0.287471 -0.205816 
7.7 0.285399 -0.20868 
7.71 0.283298 -0.211524 
7.72 0.281169 -0.214346 
7.73 0.279011 -0.217147 
7.74 0.276826 -0.219926 
7.75 0.274613 -0.222683 
7.76 0.272372 -0.225418 
7.77 0.270104 -0.228131 
7.78 0.26781 -0.23082 
7.79 0.265488 -0.233487 
7.8 0.26314 -0.23613 
7.81 0.260766 -0.238749 
7.82 0.258365 -0.241345 
7.83 0.255939 -0.243917 
7.84 0.253487 -0.246464 
7.85 0.25101 -0.248986 
7.86 0.248507 -0.251484 
7.87 0.24598 -0.253956 
7.88 0.243428 -0.256403 
7.89 0.240852 -0.258825 
7.9 0.238252 -0.26122 
7.91 0.235628 -0.26359 
7.92 0.23298 -0.265933 
7.93 0.230309 -0.268249 
7.94 0.227615 -0.270539 
7.95 0.224899 -0.272801 
7.96 0.22216 -0.275037 
7.97 0.219398 -0.277244 
7.98 0.216615 -0.279424 
7.99 0.21381 -0.281577 
8 0.210983 -0.283701 
8.01 0.208136 -0.285796 
8.02 0.205268 -0.287863 
8.03 0.202379 -0.289901 
8.04 0.19947 -0.291911 
8.05 0.196541 -0.293891 
8.06 0.193592 -0.295841 
8.07 0.190624 -0.297762 
8.08 0.187637 -0.299654 
8.09 0.184631 -0.301515 
8.1 0.181607 -0.303346 
8.11 0.178564 -0.305147 
8.12 0.175504 -0.306917 
8.13 0.172426 -0.308657 
8.14 0.169331 -0.310366 
8.15 0.166219 -0.312044 
8.16 0.16309 -0.31369 
8.17 0.159945 -0.315305 
8.18 0.156784 -0.316889 
8.19 0.153608 -0.318441 
8.2 0.150416 -0.319961 
8.21 0.147209 -0.321449 
8.22 0.143987 -0.322905 
8.23 0.140751 -0.324329 
8.24 0.137501 -0.32572 
8.25 0.134237 -0.327079 
8.26 0.130959 -0.328405 
8.27 0.127669 -0.329698 
8.28 0.124365 -0.330958 
8.29 0.12105 -0.332185 
8.3 0.117722 -0.333379 
8.31 0.114382 -0.33454 
8.32 0.111031 -0.335667 
8.33 0.107669 -0.33676 
8.34 0.104296 -0.33782 
8.35 0.100913 -0.338846 
8.36 0.0975194 -0.339838 
8.37 0.0941162 -0.340796 
8.38 0.0907036 -0.34172 
8.39 0.087282 -0.34261 
8.4 0.0838516 -0.343466 
8.41 0.0804128 -0.344287 
8.42 0.076966 -0.345074 
8.43 0.0735115 -0.345827 
8.44 0.0700497 -0.346544 
8.45 0.0665808 -0.347228 
8.46 0.0631053 -0.347876 
8.47 0.0596235 -0.34849 
8.48 0.0561357 -0.349068 
8.49 0.0526423 -0.349612 
8.5 0.0491436 -0.350121 
8.51 0.04564 -0.350595 
8.52 0.0421319 -0.351034 
8.53 0.0386195 -0.351438 
8.54 0.0351033 -0.351806 
8.55 0.0315836 -0.35214 
8.56 0.0280607 -0.352438 
8.57 0.024535 -0.352701 
8.58 0.0210068 -0.352929 
8.59 0.0174766 -0.353121 
8.6 0.0139446 -0.353278 
8.61 0.0104112 -0.3534 
8.62 0.00687676 -0.353487 
8.63 0.00334164 -0.353538 
8.64 -0.000193819 -0.353553 
8.65 -0.00372925 -0.353534 
8.66 -0.00726432 -0.353479 
8.67 -0.0107987 -0.353388 
8.68 -0.0143319 -0.353263 
8.69 -0.0178637 -0.353102 
8.7 -0.0213938 -0.352906 
8.71 -0.0249217 -0.352674 
8.72 -0.0284471 -0.352407 
8.73 -0.0319696 -0.352105 
8.74 -0.035489 -0.351768 
8.75 -0.0390048 -0.351395 
8.76 -0.0425167 -0.350988 
8.77 -0.0460244 -0.350545 
8.78 -0.0495274 -0.350067 
8.79 -0.0530256 -0.349554 
8.8 -0.0565184 -0.349007 
8.81 -0.0600055 -0.348424 
8.82 -0.0634867 -0.347807 
8.83 -0.0669615 -0.347154 
8.84 -0.0704296 -0.346467 
8.85 -0.0738906 -0.345746 
8.86 -0.0773443 -0.34499 
8.87 -0.0807903 -0.344199 
8.88 -0.0842281 -0.343374 
8.89 -0.0876576 -0.342514 
8.9 -0.0910783 -0.341621 
8.91 -0.0944898 -0.340693 
8.92 -0.0978919 -0.339731 
8.93 -0.101284 -0.338735 
8.94 -0.104666 -0.337705 
8.95 -0.108038 -0.336642 
8.96 -0.111399 -0.335545 
8.97 -0.114749 -0.334414 
8.98 -0.118087 -0.33325 
8.99 -0.121414 -0.332052 
9 -0.124728 -0.330822 
9.01 -0.12803 -0.329558 
9.02 -0.131319 -0.328261 
9.03 -0.134595 -0.326931 
9.04 -0.137858 -0.325569 
9.05 -0.141106 -0.324174 
9.06 -0.144341 -0.322747 
9.07 -0.147561 -0.321288 
9.08 -0.150767 -0.319796 
9.09 -0.153957 -0.318272 
9.1 -0.157132 -0.316717 
9.11 -0.160291 -0.31513 
9.12 -0.163434 -0.313511 
9.13 -0.166561 -0.311861 
9.14 -0.169671 -0.31018 
9.15 -0.172765 -0.308468 
9.16 -0.175841 -0.306725 
9.17 -0.178899 -0.304951 
9.18 -0.181939 -0.303147 
9.19 -0.184962 -0.301312 
9.2 -0.187965 -0.299448 
9.21 -0.19095 -0.297553 
9.22 -0.193916 -0.295629 
9.23 -0.196863 -0.293675 
9.24 -0.19979 -0.291692 
9.25 -0.202697 -0.289679 
9.26 -0.205583 -0.287638 
9.27 -0.208449 -0.285568 
9.28 -0.211294 -0.283469 
9.29 -0.214118 -0.281342 
9.3 -0.216921 -0.279187 
9.31 -0.219702 -0.277004 
9.32 -0.222461 -0.274793 
9.33 -0.225198 -0.272555 
9.34 -0.227912 -0.270289 
9.35 -0.230603 -0.267996 
9.36 -0.233272 -0.265677 
9.37 -0.235917 -0.263331 
9.38 -0.238538 -0.260959 
9.39 -0.241136 -0.25856 
9.4 -0.243709 -0.256136 
9.41 -0.246258 -0.253686 
9.42 -0.248783 -0.251211 
9.43 -0.251283 -0.248711 
9.44 -0.253757 -0.246186 
9.45 -0.256206 -0.243636 
9.46 -0.25863 -0.241062 
9.47 -0.261027 -0.238463 
9.48 -0.263399 -0.235841 
9.49 -0.265744 -0.233196 
9.5 -0.268063 -0.230526 
9.51 -0.270354 -0.227834 
9.52 -0.272619 -0.22512 
9.53 -0.274857 -0.222382 
9.54 -0.277067 -0.219623 
9.55 -0.279249 -0.216841 
9.56 -0.281403 -0.214038 
9.57 -0.28353 -0.211213 
9.58 -0.285628 -0.208367 
9.59 -0.287697 -0.205501 
9.6 -0.289737 -0.202613 
9.61 -0.291749 -0.199706 
9.62 -0.293731 -0.196779 
9.63 -0.295685 -0.193832 
9.64 -0.297608 -0.190865 
9.65 -0.299502 -0.18788 
9.66 -0.301366 -0.184875 
9.67 -0.303199 -0.181852 
9.68 -0.305002 -0.178811 
9.69 -0.306775 -0.175752 
9.7 -0.308517 -0.172676 
9.71 -0.310229 -0.169582 
9.72 -0.311909 -0.166472 
9.73 -0.313558 -0.163344 
9.74 -0.315176 -0.160201 
9.75 -0.316762 -0.157041 
9.76 -0.318317 -0.153865 
9.77 -0.319839 -0.150675 
9.78 -0.32133 -0.147469 
9.79 -0.322789 -0.144248 
9.8 -0.324215 -0.141013 
9.81 -0.325609 -0.137764 
9.82 -0.32697 -0.134501 
9.83 -0.328299 -0.131225 
9.84 -0.329594 -0.127935 
9.85 -0.330857 -0.124633 
9.86 -0.332087 -0.121318 
9.87 -0.333284 -0.117992 
9.88 -0.334447 -0.114653 
9.89 -0.335577 -0.111303 
9.9 -0.336673 -0.107942 
9.91 -0.337735 -0.10457 
9.92 -0.338764 -0.101187 
9.93 -0.339759 -0.0977944 
9.94 -0.34072 -0.094392 
9.95 -0.341647 -0.0909802 
9.96 -0.34254 -0.0875593 
9.97 -0.343398 -0.0841296 
9.98 -0.344222 -0.0806915 
9.99 -0.345012 -0.0772453 
10 -0.345767 -0.0737914 
