0 -0.25 0.25 
0.01 -0.247488 0.252487 
0.02 -0.24495 0.25495 
0.03 -0.242389 0.257386 
0.04 -0.239803 0.259797 
0.05 -0.237193 0.262182 
0.06 -0.234559 0.264541 
0.07 -0.231902 0.266873 
0.08 -0.229222 0.269179 
0.09 -0.226519 0.271458 
0.1 -0.223793 0.273709 
0.11 -0.221045 0.275933 
0.12 -0.218274 0.27813 
0.13 -0.215482 0.280299 
0.14 -0.212669 0.28244 
0.15 -0.209834 0.284552 
0.16 -0.206978 0.286636 
0.17 -0.204101 0.288691 
0.18 -0.201204 0.290718 
0.19 -0.198287 0.292715 
0.2 -0.19535 0.294684 
0.21 -0.192393 0.296622 
0.22 -0.189418 0.298531 
0.23 -0.186423 0.300411 
0.24 -0.183409 0.30226 
0.25 -0.180378 0.304079 
0.26 -0.177328 0.305867 
0.27 -0.174261 0.307625 
0.28 -0.171176 0.309352 
0.29 -0.168074 0.311049 
0.3 -0.164955 0.312714 
0.31 -0.16182 0.314348 
0.32 -0.158668 0.31595 
0.33 -0.155501 0.317521 
0.34 -0.152318 0.31906 
0.35 -0.14912 0.320567 
0.36 -0.145907 0.322042 
0.37 -0.142679 0.323485 
0.38 -0.139437 0.324896 
0.39 -0.136181 0.326274 
0.4 -0.132912 0.327619 
0.41 -0.129629 0.328932 
0.42 -0.126333 0.330212 
0.43 -0.123025 0.331459 
0.44 -0.119704 0.332672 
0.45 -0.116372 0.333853 
0.46 -0.113027 0.335 
0.47 -0.109672 0.336113 
0.48 -0.106305 0.337193 
0.49 -0.102928 0.338239 
0.5 -0.0995407 0.339252 
0.51 -0.0961433 0.34023 
0.52 -0.0927362 0.341174 
0.53 -0.0893199 0.342085 
0.54 -0.0858947 0.342961 
0.55 -0.0824609 0.343803 
0.56 -0.0790188 0.34461 
0.57 -0.0755689 0.345383 
0.58 -0.0721114 0.346121 
0.59 -0.0686466 0.346825 
0.6 -0.065175 0.347494 
0.61 -0.0616969 0.348129 
0.62 -0.0582126 0.348728 
0.63 -0.0547225 0.349293 
0.64 -0.0512269 0.349823 
0.65 -0.0477262 0.350317 
0.66 -0.0442208 0.350777 
0.67 -0.0407109 0.351202 
0.68 -0.0371969 0.351591 
0.69 -0.0336792 0.351946 
0.7 -0.0301582 0.352265 
0.71 -0.0266341 0.352549 
0.72 -0.0231074 0.352797 
0.73 -0.0195783 0.353011 
0.74 -0.0160473 0.353189 
0.75 -0.0125147 0.353332 
0.76 -0.00898088 0.353439 
0.77 -0.00544613 0.353511 
0.78 -0.00191083 0.353548 
0.79 0.00162466 0.35355 
0.8 0.00515999 0.353516 
0.81 0.0086948 0.353446 
0.82 0.0122287 0.353342 
0.83 0.0157615 0.353202 
0.84 0.0192926 0.353027 
0.85 0.0228218 0.352816 
0.86 0.0263487 0.35257 
0.87 0.029873 0.352289 
0.88 0.0333944 0.351973 
0.89 0.0369123 0.351621 
0.9 0.0404266 0.351235 
0.91 0.0439368 0.350813 
0.92 0.0474427 0.350356 
0.93 0.0509438 0.349864 
0.94 0.0544398 0.349337 
0.95 0.0579303 0.348775 
0.96 0.0614151 0.348178 
0.97 0.0648937 0.347547 
0.98 0.0683659 0.346881 
0.99 0.0718312 0.34618 
1 0.0752893 0.345444 
1.01 0.0787399 0.344674 
1.02 0.0821826 0.343869 
1.03 0.0856171 0.34303 
1.04 0.089043 0.342157 
1.05 0.0924601 0.341249 
1.06 0.0958678 0.340308 
1.07 0.099266 0.339332 
1.08 0.102654 0.338322 
1.09 0.106032 0.337279 
1.1 0.1094 0.336202 
1.11 0.112756 0.335091 
1.12 0.116101 0.333947 
1.13 0.119435 0.332769 
1.14 0.122757 0.331558 
1.15 0.126066 0.330314 
1.16 0.129363 0.329037 
1.17 0.132647 0.327727 
1.18 0.135917 0.326384 
1.19 0.139174 0.325009 
1.2 0.142417 0.323601 
1.21 0.145646 0.32216 
1.22 0.14886 0.320688 
1.23 0.152059 0.319183 
1.24 0.155244 0.317647 
1.25 0.158412 0.316078 
1.26 0.161565 0.314479 
1.27 0.164702 0.312847 
1.28 0.167822 0.311185 
1.29 0.170925 0.309491 
1.3 0.174012 0.307766 
1.31 0.17708 0.306011 
1.32 0.180132 0.304225 
1.33 0.183165 0.302408 
1.34 0.18618 0.300561 
1.35 0.189176 0.298685 
1.36 0.192153 0.296778 
1.37 0.195111 0.294842 
1.38 0.19805 0.292876 
1.39 0.200969 0.290881 
1.4 0.203867 0.288857 
1.41 0.206746 0.286804 
1.42 0.209603 0.284722 
1.43 0.21244 0.282612 
1.44 0.215255 0.280473 
1.45 0.218049 0.278307 
1.46 0.220821 0.276112 
1.47 0.223571 0.27389 
1.48 0.226299 0.271641 
1.49 0.229004 0.269364 
1.5 0.231686 0.267061 
1.51 0.234345 0.264731 
1.52 0.236981 0.262374 
1.53 0.239592 0.259991 
1.54 0.24218 0.257582 
1.55 0.244744 0.255148 
1.56 0.247283 0.252688 
1.57 0.249798 0.250202 
1.58 0.252287 0.247692 
1.59 0.254751 0.245157 
1.6 0.25719 0.242597 
1.61 0.259603 0.240013 
1.62 0.26199 0.237405 
1.63 0.264351 0.234773 
1.64 0.266686 0.232118 
1.65 0.268993 0.22944 
1.66 0.271274 0.226738 
1.67 0.273528 0.224014 
1.68 0.275754 0.221268 
1.69 0.277953 0.218499 
1.7 0.280124 0.215709 
1.71 0.282267 0.212897 
1.72 0.284382 0.210064 
1.73 0.286468 0.20721 
1.74 0.288526 0.204335 
1.75 0.290555 0.201439 
1.76 0.292555 0.198524 
1.77 0.294525 0.195588 
1.78 0.296467 0.192633 
1.79 0.298378 0.189659 
1.8 0.30026 0.186666 
1.81 0.302111 0.183654 
1.82 0.303933 0.180624 
1.83 0.305724 0.177576 
1.84 0.307484 0.174509 
1.85 0.309214 0.171426 
1.86 0.310912 0.168325 
1.87 0.31258 0.165208 
1.88 0.314217 0.162074 
1.89 0.315822 0.158924 
1.9 0.317395 0.155758 
1.91 0.318937 0.152576 
1.92 0.320446 0.149379 
1.93 0.321924 0.146167 
1.94 0.32337 0.142941 
1.95 0.324783 0.1397 
1.96 0.326164 0.136445 
1.97 0.327512 0.133177 
1.98 0.328827 0.129895 
1.99 0.33011 0.126601 
2 0.331359 0.123293 
2.01 0.332575 0.119973 
2.02 0.333758 0.116642 
2.03 0.334908 0.113298 
2.04 0.336024 0.109944 
2.05 0.337107 0.106578 
2.06 0.338156 0.103202 
2.07 0.339171 0.0998152 
2.08 0.340152 0.0964186 
2.09 0.341099 0.0930124 
2.1 0.342012 0.0895968 
2.11 0.342891 0.0861723 
2.12 0.343736 0.0827391 
2.13 0.344546 0.0792977 
2.14 0.345322 0.0758484 
2.15 0.346063 0.0723915 
2.16 0.346769 0.0689273 
2.17 0.347441 0.0654563 
2.18 0.348079 0.0619787 
2.19 0.348681 0.0584949 
2.2 0.349248 0.0550052 
2.21 0.349781 0.0515101 
2.22 0.350279 0.0480098 
2.23 0.350741 0.0445047 
2.24 0.351169 0.0409951 
2.25 0.351561 0.0374815 
2.26 0.351918 0.0339641 
2.27 0.35224 0.0304433 
2.28 0.352527 0.0269195 
2.29 0.352779 0.0233929 
2.3 0.352995 0.0198641 
2.31 0.353176 0.0163332 
2.32 0.353322 0.0128007 
2.33 0.353432 0.00926695 
2.34 0.353507 0.00573226 
2.35 0.353547 0.00219699 
2.36 0.353551 -0.00133849 
2.37 0.35352 -0.00487385 
2.38 0.353453 -0.00840871 
2.39 0.353352 -0.0119427 
2.4 0.353215 -0.0154756 
2.41 0.353042 -0.0190069 
2.42 0.352834 -0.0225362 
2.43 0.352591 -0.0260634 
2.44 0.352313 -0.0295879 
2.45 0.352 -0.0331095 
2.46 0.351651 -0.0366277 
2.47 0.351267 -0.0401423 
2.48 0.350848 -0.0436529 
2.49 0.350394 -0.0471591 
2.5 0.349905 -0.0506606 
2.51 0.349381 -0.054157 
2.52 0.348822 -0.057648 
2.53 0.348228 -0.0611333 
2.54 0.347599 -0.0646124 
2.55 0.346936 -0.0680851 
2.56 0.346238 -0.0715509 
2.57 0.345505 -0.0750097 
2.58 0.344737 -0.0784609 
2.59 0.343936 -0.0819042 
2.6 0.343099 -0.0853394 
2.61 0.342229 -0.0887661 
2.62 0.341324 -0.0921838 
2.63 0.340385 -0.0955924 
2.64 0.339412 -0.0989914 
2.65 0.338405 -0.10238 
2.66 0.337365 -0.105759 
2.67 0.33629 -0.109128 
2.68 0.335182 -0.112485 
2.69 0.334041 -0.115831 
2.7 0.332866 -0.119166 
2.71 0.331657 -0.122488 
2.72 0.330416 -0.125799 
2.73 0.329142 -0.129096 
2.74 0.327834 -0.132381 
2.75 0.326494 -0.135653 
2.76 0.325121 -0.138911 
2.77 0.323716 -0.142155 
2.78 0.322278 -0.145385 
2.79 0.320808 -0.148601 
2.8 0.319306 -0.151801 
2.81 0.317772 -0.154986 
2.82 0.316207 -0.158156 
2.83 0.314609 -0.16131 
2.84 0.31298 -0.164448 
2.85 0.31132 -0.16757 
2.86 0.309629 -0.170675 
2.87 0.307907 -0.173762 
2.88 0.306154 -0.176833 
2.89 0.30437 -0.179885 
2.9 0.302556 -0.18292 
2.91 0.300712 -0.185936 
2.92 0.298838 -0.188934 
2.93 0.296933 -0.191913 
2.94 0.295 -0.194873 
2.95 0.293036 -0.197813 
2.96 0.291043 -0.200733 
2.97 0.289022 -0.203633 
2.98 0.286971 -0.206513 
2.99 0.284891 -0.209373 
3 0.282783 -0.212211 
3.01 0.280647 -0.215028 
3.02 0.278483 -0.217824 
3.03 0.276291 -0.220598 
3.04 0.274071 -0.22335 
3.05 0.271824 -0.226079 
3.06 0.26955 -0.228786 
3.07 0.267248 -0.23147 
3.08 0.26492 -0.234131 
3.09 0.262566 -0.236768 
3.1 0.260185 -0.239382 
3.11 0.257778 -0.241972 
3.12 0.255346 -0.244537 
3.13 0.252888 -0.247079 
3.14 0.250404 -0.249595 
3.15 0.247896 -0.252086 
3.16 0.245363 -0.254553 
3.17 0.242805 -0.256994 
3.18 0.240223 -0.259409 
3.19 0.237617 -0.261798 
3.2 0.234987 -0.264161 
3.21 0.232334 -0.266498 
3.22 0.229657 -0.268808 
3.23 0.226958 -0.271091 
3.24 0.224236 -0.273347 
3.25 0.221491 -0.275575 
3.26 0.218724 -0.277776 
3.27 0.215936 -0.27995 
3.28 0.213125 -0.282095 
3.29 0.210294 -0.284212 
3.3 0.207441 -0.286301 
3.31 0.204568 -0.288361 
3.32 0.201674 -0.290392 
3.33 0.19876 -0.292394 
3.34 0.195827 -0.294367 
3.35 0.192873 -0.296311 
3.36 0.189901 -0.298224 
3.37 0.186909 -0.300108 
3.38 0.183899 -0.301962 
3.39 0.18087 -0.303786 
3.4 0.177823 -0.30558 
3.41 0.174758 -0.307343 
3.42 0.171676 -0.309075 
3.43 0.168577 -0.310776 
3.44 0.165461 -0.312446 
3.45 0.162328 -0.314085 
3.46 0.159179 -0.315693 
3.47 0.156015 -0.317269 
3.48 0.152834 -0.318813 
3.49 0.149638 -0.320325 
3.5 0.146428 -0.321806 
3.51 0.143202 -0.323254 
3.52 0.139963 -0.32467 
3.53 0.136709 -0.326053 
3.54 0.133442 -0.327404 
3.55 0.130161 -0.328722 
3.56 0.126868 -0.330007 
3.57 0.123561 -0.331259 
3.58 0.120243 -0.332478 
3.59 0.116912 -0.333664 
3.6 0.11357 -0.334816 
3.61 0.110216 -0.335935 
3.62 0.106851 -0.337021 
3.63 0.103476 -0.338072 
3.64 0.10009 -0.33909 
3.65 0.0966939 -0.340074 
3.66 0.0932884 -0.341024 
3.67 0.0898736 -0.34194 
3.68 0.0864498 -0.342821 
3.69 0.0830173 -0.343669 
3.7 0.0795766 -0.344482 
3.71 0.0761279 -0.34526 
3.72 0.0726716 -0.346004 
3.73 0.069208 -0.346714 
3.74 0.0657375 -0.347388 
3.75 0.0622604 -0.348028 
3.76 0.0587771 -0.348633 
3.77 0.0552879 -0.349204 
3.78 0.0517932 -0.349739 
3.79 0.0482933 -0.35024 
3.8 0.0447886 -0.350705 
3.81 0.0412794 -0.351135 
3.82 0.037766 -0.351531 
3.83 0.0342489 -0.351891 
3.84 0.0307284 -0.352216 
3.85 0.0272048 -0.352505 
3.86 0.0236785 -0.35276 
3.87 0.0201498 -0.352979 
3.88 0.0166191 -0.353163 
3.89 0.0130867 -0.353311 
3.9 0.00955302 -0.353424 
3.91 0.00601839 -0.353502 
3.92 0.00248316 -0.353545 
3.93 -0.00105233 -0.353552 
3.94 -0.0045877 -0.353524 
3.95 -0.00812262 -0.35346 
3.96 -0.0116567 -0.353361 
3.97 -0.0151897 -0.353227 
3.98 -0.0187211 -0.353057 
3.99 -0.0222506 -0.352853 
4 -0.025778 -0.352612 
4.01 -0.0293027 -0.352337 
4.02 -0.0328245 -0.352026 
4.03 -0.0363431 -0.351681 
4.04 -0.039858 -0.3513 
4.05 -0.0433689 -0.350883 
4.06 -0.0468755 -0.350432 
4.07 -0.0503773 -0.349946 
4.08 -0.0538742 -0.349425 
4.09 -0.0573657 -0.348868 
4.1 -0.0608514 -0.348277 
4.11 -0.064331 -0.347651 
4.12 -0.0678042 -0.346991 
4.13 -0.0712707 -0.346295 
4.14 -0.07473 -0.345565 
4.15 -0.0781818 -0.344801 
4.16 -0.0816258 -0.344002 
4.17 -0.0850617 -0.343168 
4.18 -0.088489 -0.342301 
4.19 -0.0919075 -0.341399 
4.2 -0.0953168 -0.340462 
4.21 -0.0987166 -0.339492 
4.22 -0.102106 -0.338488 
4.23 -0.105486 -0.33745 
4.24 -0.108855 -0.336379 
4.25 -0.112214 -0.335273 
4.26 -0.115561 -0.334134 
4.27 -0.118896 -0.332962 
4.28 -0.12222 -0.331756 
4.29 -0.125531 -0.330518 
4.3 -0.12883 -0.329246 
4.31 -0.132116 -0.327941 
4.32 -0.135389 -0.326604 
4.33 -0.138648 -0.325233 
4.34 -0.141893 -0.323831 
4.35 -0.145124 -0.322396 
4.36 -0.148341 -0.320928 
4.37 -0.151543 -0.319429 
4.38 -0.154729 -0.317898 
4.39 -0.1579 -0.316334 
4.4 -0.161056 -0.31474 
4.41 -0.164195 -0.313113 
4.42 -0.167318 -0.311456 
4.43 -0.170424 -0.309767 
4.44 -0.173513 -0.308047 
4.45 -0.176585 -0.306297 
4.46 -0.179639 -0.304516 
4.47 -0.182675 -0.302704 
4.48 -0.185693 -0.300862 
4.49 -0.188692 -0.29899 
4.5 -0.191672 -0.297089 
4.51 -0.194634 -0.295157 
4.52 -0.197575 -0.293196 
4.53 -0.200497 -0.291206 
4.54 -0.203399 -0.289186 
4.55 -0.206281 -0.287138 
4.56 -0.209142 -0.285061 
4.57 -0.211982 -0.282955 
4.58 -0.214801 -0.280821 
4.59 -0.217598 -0.278659 
4.6 -0.220374 -0.276469 
4.61 -0.223128 -0.274252 
4.62 -0.225859 -0.272007 
4.63 -0.228568 -0.269735 
4.64 -0.231253 -0.267436 
4.65 -0.233916 -0.26511 
4.66 -0.236556 -0.262757 
4.67 -0.239171 -0.260379 
4.68 -0.241763 -0.257974 
4.69 -0.244331 -0.255544 
4.7 -0.246874 -0.253088 
4.71 -0.249392 -0.250606 
4.72 -0.251886 -0.2481 
4.73 -0.254354 -0.245569 
4.74 -0.256797 -0.243013 
4.75 -0.259214 -0.240433 
4.76 -0.261606 -0.237829 
4.77 -0.263971 -0.235201 
4.78 -0.266309 -0.23255 
4.79 -0.268622 -0.229875 
4.8 -0.270907 -0.227177 
4.81 -0.273165 -0.224457 
4.82 -0.275396 -0.221714 
4.83 -0.277599 -0.218949 
4.84 -0.279775 -0.216162 
4.85 -0.281922 -0.213354 
4.86 -0.284042 -0.210524 
4.87 -0.286133 -0.207673 
4.88 -0.288195 -0.204801 
4.89 -0.290229 -0.201909 
4.9 -0.292233 -0.198997 
4.91 -0.294208 -0.196065 
4.92 -0.296154 -0.193113 
4.93 -0.298071 -0.190142 
4.94 -0.299957 -0.187152 
4.95 -0.301814 -0.184143 
4.96 -0.30364 -0.181116 
4.97 -0.305436 -0.17807 
4.98 -0.307201 -0.175007 
4.99 -0.308936 -0.171926 
5 -0.31064 -0.168828 
5.01 -0.312312 -0.165714 
5.02 -0.313954 -0.162582 
5.03 -0.315564 -0.159435 
5.04 -0.317142 -0.156271 
5.05 -0.318689 -0.153092 
5.06 -0.320204 -0.149898 
5.07 -0.321687 -0.146688 
5.08 -0.323138 -0.143464 
5.09 -0.324556 -0.140226 
5.1 -0.325942 -0.136973 
5.11 -0.327296 -0.133707 
5.12 -0.328616 -0.130427 
5.13 -0.329904 -0.127135 
5.14 -0.331159 -0.123829 
5.15 -0.332381 -0.120512 
5.16 -0.333569 -0.117182 
5.17 -0.334724 -0.113841 
5.18 -0.335846 -0.110488 
5.19 -0.336934 -0.107124 
5.2 -0.337988 -0.103749 
5.21 -0.339009 -0.100364 
5.22 -0.339996 -0.0969691 
5.23 -0.340948 -0.0935644 
5.24 -0.341867 -0.0901503 
5.25 -0.342751 -0.0867272 
5.26 -0.343601 -0.0832955 
5.27 -0.344417 -0.0798554 
5.28 -0.345198 -0.0764073 
5.29 -0.345945 -0.0729516 
5.3 -0.346657 -0.0694886 
5.31 -0.347335 -0.0660186 
5.32 -0.347978 -0.0625421 
5.33 -0.348586 -0.0590592 
5.34 -0.349159 -0.0555705 
5.35 -0.349697 -0.0520762 
5.36 -0.3502 -0.0485768 
5.37 -0.350669 -0.0450724 
5.38 -0.351102 -0.0415636 
5.39 -0.3515 -0.0380505 
5.4 -0.351863 -0.0345337 
5.41 -0.352191 -0.0310135 
5.42 -0.352483 -0.0274901 
5.43 -0.35274 -0.023964 
5.44 -0.352962 -0.0204355 
5.45 -0.353149 -0.0169049 
5.46 -0.3533 -0.0133727 
5.47 -0.353416 -0.00983908 
5.48 -0.353497 -0.00630452 
5.49 -0.353543 -0.00276932 
5.5 -0.353553 0.000766158 
5.51 -0.353527 0.00430156 
5.52 -0.353467 0.00783653 
5.53 -0.35337 0.0113707 
5.54 -0.353239 0.0149038 
5.55 -0.353072 0.0184353 
5.56 -0.35287 0.021965 
5.57 -0.352633 0.0254925 
5.58 -0.352361 0.0290175 
5.59 -0.352053 0.0325396 
5.6 -0.35171 0.0360584 
5.61 -0.351332 0.0395736 
5.62 -0.350918 0.0430849 
5.63 -0.35047 0.0465918 
5.64 -0.349987 0.0500941 
5.65 -0.349468 0.0535914 
5.66 -0.348915 0.0570833 
5.67 -0.348326 0.0605695 
5.68 -0.347703 0.0640496 
5.69 -0.347046 0.0675234 
5.7 -0.346353 0.0709904 
5.71 -0.345626 0.0744503 
5.72 -0.344864 0.0779027 
5.73 -0.344068 0.0813474 
5.74 -0.343237 0.0847839 
5.75 -0.342372 0.0882119 
5.76 -0.341473 0.0916312 
5.77 -0.34054 0.0950412 
5.78 -0.339572 0.0984418 
5.79 -0.338571 0.101832 
5.8 -0.337536 0.105213 
5.81 -0.336467 0.108583 
5.82 -0.335364 0.111942 
5.83 -0.334228 0.11529 
5.84 -0.333058 0.118627 
5.85 -0.331855 0.121951 
5.86 -0.330619 0.125264 
5.87 -0.32935 0.128563 
5.88 -0.328048 0.13185 
5.89 -0.326713 0.135124 
5.9 -0.325346 0.138384 
5.91 -0.323946 0.141631 
5.92 -0.322513 0.144863 
5.93 -0.321048 0.148081 
5.94 -0.319551 0.151284 
5.95 -0.318023 0.154472 
5.96 -0.316462 0.157644 
5.97 -0.31487 0.160801 
5.98 -0.313246 0.163942 
5.99 -0.311591 0.167066 
6 -0.309905 0.170173 
6.01 -0.308188 0.173264 
6.02 -0.30644 0.176337 
6.03 -0.304661 0.179392 
6.04 -0.302852 0.18243 
6.05 -0.301013 0.185449 
6.06 -0.299143 0.18845 
6.07 -0.297244 0.191432 
6.08 -0.295315 0.194395 
6.09 -0.293356 0.197338 
6.1 -0.291368 0.200262 
6.11 -0.289351 0.203165 
6.12 -0.287305 0.206049 
6.13 -0.28523 0.208911 
6.14 -0.283127 0.211753 
6.15 -0.280995 0.214574 
6.16 -0.278835 0.217373 
6.17 -0.276648 0.22015 
6.18 -0.274432 0.222906 
6.19 -0.27219 0.225639 
6.2 -0.26992 0.228349 
6.21 -0.267623 0.231037 
6.22 -0.265299 0.233702 
6.23 -0.262949 0.236343 
6.24 -0.260572 0.23896 
6.25 -0.25817 0.241554 
6.26 -0.255741 0.244124 
6.27 -0.253287 0.246669 
6.28 -0.250808 0.249189 
6.29 -0.248304 0.251685 
6.3 -0.245775 0.254155 
6.31 -0.243221 0.2566 
6.32 -0.240643 0.25902 
6.33 -0.23804 0.261413 
6.34 -0.235415 0.26378 
6.35 -0.232765 0.266121 
6.36 -0.230092 0.268435 
6.37 -0.227396 0.270723 
6.38 -0.224678 0.272983 
6.39 -0.221937 0.275216 
6.4 -0.219174 0.277422 
6.41 -0.216389 0.2796 
6.42 -0.213582 0.28175 
6.43 -0.210754 0.283871 
6.44 -0.207905 0.285964 
6.45 -0.205035 0.288029 
6.46 -0.202144 0.290065 
6.47 -0.199233 0.292072 
6.48 -0.196303 0.29405 
6.49 -0.193353 0.295998 
6.5 -0.190383 0.297917 
6.51 -0.187394 0.299805 
6.52 -0.184387 0.301664 
6.53 -0.181361 0.303493 
6.54 -0.178317 0.305292 
6.55 -0.175256 0.307059 
6.56 -0.172176 0.308797 
6.57 -0.16908 0.310503 
6.58 -0.165966 0.312178 
6.59 -0.162836 0.313822 
6.6 -0.15969 0.315435 
6.61 -0.156528 0.317016 
6.62 -0.15335 0.318565 
6.63 -0.150157 0.320083 
6.64 -0.146949 0.321568 
6.65 -0.143726 0.323022 
6.66 -0.140488 0.324443 
6.67 -0.137237 0.325831 
6.68 -0.133972 0.327187 
6.69 -0.130693 0.328511 
6.7 -0.127402 0.329801 
6.71 -0.124097 0.331059 
6.72 -0.120781 0.332283 
6.73 -0.117452 0.333474 
6.74 -0.114111 0.334632 
6.75 -0.110759 0.335756 
6.76 -0.107396 0.336847 
6.77 -0.104023 0.337904 
6.78 -0.100639 0.338928 
6.79 -0.0972443 0.339917 
6.8 -0.0938404 0.340872 
6.81 -0.090427 0.341794 
6.82 -0.0870046 0.342681 
6.83 -0.0835736 0.343534 
6.84 -0.0801341 0.344352 
6.85 -0.0766867 0.345136 
6.86 -0.0732316 0.345886 
6.87 -0.0697692 0.346601 
6.88 -0.0662997 0.347281 
6.89 -0.0628237 0.347927 
6.9 -0.0593414 0.348538 
6.91 -0.0558531 0.349114 
6.92 -0.0523593 0.349655 
6.93 -0.0488602 0.350161 
6.94 -0.0453562 0.350632 
6.95 -0.0418477 0.351068 
6.96 -0.038335 0.351469 
6.97 -0.0348185 0.351835 
6.98 -0.0312985 0.352165 
6.99 -0.0277754 0.352461 
7 -0.0242495 0.352721 
7.01 -0.0207212 0.352946 
7.02 -0.0171908 0.353135 
7.03 -0.0136586 0.353289 
7.04 -0.0101251 0.353408 
7.05 -0.00659064 0.353492 
7.06 -0.00305548 0.35354 
7.07 0.000479989 0.353553 
7.08 0.00401541 0.353531 
7.09 0.00755042 0.353473 
7.1 0.0110847 0.35338 
7.11 0.0146178 0.353251 
7.12 0.0181495 0.353087 
7.13 0.0216794 0.352888 
7.14 0.0252071 0.352654 
7.15 0.0287323 0.352384 
7.16 0.0322546 0.352079 
7.17 0.0357737 0.351739 
7.18 0.0392892 0.351364 
7.19 0.0428008 0.350953 
7.2 0.0463081 0.350508 
7.21 0.0498108 0.350027 
7.22 0.0533085 0.349511 
7.23 0.0568008 0.348961 
7.24 0.0602875 0.348375 
7.25 0.0637682 0.347755 
7.26 0.0672424 0.3471 
7.27 0.07071 0.34641 
7.28 0.0741705 0.345686 
7.29 0.0776235 0.344927 
7.3 0.0810688 0.344133 
7.31 0.084506 0.343306 
7.32 0.0879348 0.342443 
7.33 0.0913547 0.341547 
7.34 0.0947655 0.340616 
7.35 0.0981669 0.339652 
7.36 0.101558 0.338653 
7.37 0.10494 0.337621 
7.38 0.108311 0.336554 
7.39 0.111671 0.335454 
7.4 0.11502 0.334321 
7.41 0.118357 0.333154 
7.42 0.121682 0.331954 
7.43 0.124996 0.33072 
7.44 0.128297 0.329454 
7.45 0.131585 0.328155 
7.46 0.13486 0.326822 
7.47 0.138121 0.325457 
7.48 0.141369 0.32406 
7.49 0.144602 0.32263 
7.5 0.147821 0.321168 
7.51 0.151025 0.319674 
7.52 0.154214 0.318148 
7.53 0.157388 0.31659 
7.54 0.160546 0.315 
7.55 0.163688 0.313379 
7.56 0.166813 0.311726 
7.57 0.169922 0.310043 
7.58 0.173014 0.308328 
7.59 0.176089 0.306582 
7.6 0.179146 0.304806 
7.61 0.182185 0.303 
7.62 0.185205 0.301163 
7.63 0.188208 0.299296 
7.64 0.191191 0.297399 
7.65 0.194156 0.295472 
7.66 0.197101 0.293516 
7.67 0.200026 0.29153 
7.68 0.202931 0.289515 
7.69 0.205816 0.287471 
7.7 0.20868 0.285399 
7.71 0.211524 0.283298 
7.72 0.214346 0.281169 
7.73 0.217147 0.279011 
7.74 0.219926 0.276826 
7.75 0.222683 0.274613 
7.76 0.225418 0.272372 
7.77 0.228131 0.270104 
7.78 0.23082 0.26781 
7.79 0.233487 0.265488 
7.8 0.23613 0.26314 
7.81 0.238749 0.260766 
7.82 0.241345 0.258365 
7.83 0.243917 0.255939 
7.84 0.246464 0.253487 
7.85 0.248986 0.25101 
7.86 0.251484 0.248507 
7.87 0.253956 0.24598 
7.88 0.256403 0.243428 
7.89 0.258825 0.240852 
7.9 0.26122 0.238252 
7.91 0.26359 0.235628 
7.92 0.265933 0.23298 
7.93 0.268249 0.230309 
7.94 0.270539 0.227615 
7.95 0.272801 0.224899 
7.96 0.275037 0.22216 
7.97 0.277244 0.219398 
7.98 0.279424 0.216615 
7.99 0.281577 0.21381 
8 0.283701 0.210983 
8.01 0.285796 0.208136 
8.02 0.287863 0.205268 
8.03 0.289901 0.202379 
8.04 0.291911 0.19947 
8.05 0.293891 0.196541 
8.06 0.295841 0.193592 
8.07 0.297762 0.190624 
8.08 0.299654 0.187637 
8.09 0.301515 0.184631 
8.1 0.303346 0.181607 
8.11 0.305147 0.178564 
8.12 0.306917 0.175504 
8.13 0.308657 0.172426 
8.14 0.310366 0.169331 
8.15 0.312044 0.166219 
8.16 0.31369 0.16309 
8.17 0.315305 0.159945 
8.18 0.316889 0.156784 
8.19 0.318441 0.153608 
8.2 0.319961 0.150416 
8.21 0.321449 0.147209 
8.22 0.322905 0.143987 
8.23 0.324329 0.140751 
8.24 0.32572 0.137501 
8.25 0.327079 0.134237 
8.26 0.328405 0.130959 
8.27 0.329698 0.127669 
8.28 0.330958 0.124365 
8.29 0.332185 0.12105 
8.3 0.333379 0.117722 
8.31 0.33454 0.114382 
8.32 0.335667 0.111031 
8.33 0.33676 0.107669 
8.34 0.33782 0.104296 
8.35 0.338846 0.100913 
8.36 0.339838 0.0975194 
8.37 0.340796 0.0941162 
8.38 0.34172 0.0907036 
8.39 0.34261 0.087282 
8.4 0.343466 0.0838516 
8.41 0.344287 0.0804128 
8.42 0.345074 0.076966 
8.43 0.345827 0.0735115 
8.44 0.346544 0.0700497 
8.45 0.347228 0.0665808 
8.46 0.347876 0.0631053 
8.47 0.34849 0.0596235 
8.48 0.349068 0.0561357 
8.49 0.349612 0.0526423 
8.5 0.350121 0.0491436 
8.51 0.350595 0.04564 
8.52 0.351034 0.0421319 
8.53 0.351438 0.0386195 
8.54 0.351806 0.0351033 
8.55 0.35214 0.0315836 
8.56 0.352438 0.0280607 
8.57 0.352701 0.024535 
8.58 0.352929 0.0210068 
8.59 0.353121 0.0174766 
8.6 0.353278 0.0139446 
8.61 0.3534 0.0104112 
8.62 0.353487 0.00687676 
8.63 0.353538 0.00334164 
8.64 0.353553 -0.000193819 
8.65 0.353534 -0.00372925 
8.66 0.353479 -0.00726432 
8.67 0.353388 -0.0107987 
8.68 0.353263 -0.0143319 
8.69 0.353102 -0.0178637 
8.7 0.352906 -0.0213938 
8.71 0.352674 -0.0249217 
8.72 0.352407 -0.0284471 
8.73 0.352105 -0.0319696 
8.74 0.351768 -0.035489 
8.75 0.351395 -0.0390048 
8.76 0.350988 -0.0425167 
8.77 0.350545 -0.0460244 
8.78 0.350067 -0.0495274 
8.79 0.349554 -0.0530256 
8.8 0.349007 -0.0565184 
8.81 0.348424 -0.0600055 
8.82 0.347807 -0.0634867 
8.83 0.347154 -0.0669615 
8.84 0.346467 -0.0704296 
8.85 0.345746 -0.0738906 
8.86 0.34499 -0.0773443 
8.87 0.344199 -0.0807903 
8.88 0.343374 -0.0842281 
8.89 0.342514 -0.0876576 
8.9 0.341621 -0.0910783 
8.91 0.340693 -0.0944898 
8.92 0.339731 -0.0978919 
8.93 0.338735 -0.101284 
8.94 0.337705 -0.104666 
8.95 0.336642 -0.108038 
8.96 0.335545 -0.111399 
8.97 0.334414 -0.114749 
8.98 0.33325 -0.118087 
8.99 0.332052 -0.121414 
9 0.330822 -0.124728 
9.01 0.329558 -0.12803 
9.02 0.328261 -0.131319 
9.03 0.326931 -0.134595 
9.04 0.325569 -0.137858 
9.05 0.324174 -0.141106 
9.06 0.322747 -0.144341 
9.07 0.321288 -0.147561 
9.08 0.319796 -0.150767 
9.09 0.318272 -0.153957 
9.1 0.316717 -0.157132 
9.11 0.31513 -0.160291 
9.12 0.313511 -0.163434 
9.13 0.311861 -0.166561 
9.14 0.31018 -0.169671 
9.15 0.308468 -0.172765 
9.16 0.306725 -0.175841 
9.17 0.304951 -0.178899 
9.18 0.303147 -0.181939 
9.19 0.301312 -0.184962 
9.2 0.299448 -0.187965 
9.21 0.297553 -0.19095 
9.22 0.295629 -0.193916 
9.23 0.293675 -0.196863 
9.24 0.291692 -0.19979 
9.25 0.289679 -0.202697 
9.26 0.287638 -0.205583 
9.27 0.285568 -0.208449 
9.28 0.283469 -0.211294 
9.29 0.281342 -0.214118 
9.3 0.279187 -0.216921 
9.31 0.277004 -0.219702 
9.32 0.274793 -0.222461 
9.33 0.272555 -0.225198 
9.34 0.270289 -0.227912 
9.35 0.267996 -0.230603 
9.36 0.265677 -0.233272 
9.37 0.263331 -0.235917 
9.38 0.260959 -0.238538 
9.39 0.25856 -0.241136 
9.4 0.256136 -0.243709 
9.41 0.253686 -0.246258 
9.42 0.251211 -0.248783 
9.43 0.248711 -0.251283 
9.44 0.246186 -0.253757 
9.45 0.243636 -0.256206 
9.46 0.241062 -0.25863 
9.47 0.238463 -0.261027 
9.48 0.235841 -0.263399 
9.49 0.233196 -0.265744 
9.5 0.230526 -0.268063 
9.51 0.227834 -0.270354 
9.52 0.22512 -0.272619 
9.53 0.222382 -0.274857 
9.54 0.219623 -0.277067 
9.55 0.216841 -0.279249 
9.56 0.214038 -0.281403 
9.57 0.211213 -0.28353 
9.58 0.208367 -0.285628 
9.59 0.205501 -0.287697 
9.6 0.202613 -0.289737 
9.61 0.199706 -0.291749 
9.62 0.196779 -0.293731 
9.63 0.193832 -0.295685 
9.64 0.190865 -0.297608 
9.65 0.18788 -0.299502 
9.66 0.184875 -0.301366 
9.67 0.181852 -0.303199 
9.68 0.178811 -0.305002 
9.69 0.175752 -0.306775 
9.7 0.172676 -0.308517 
9.71 0.169582 -0.310229 
9.72 0.166472 -0.311909 
9.73 0.163344 -0.313558 
9.74 0.160201 -0.315176 
9.75 0.157041 -0.316762 
9.76 0.153865 -0.318317 
9.77 0.150675 -0.319839 
9.78 0.147469 -0.32133 
9.79 0.144248 -0.322789 
9.8 0.141013 -0.324215 
9.81 0.137764 -0.325609 
9.82 0.134501 -0.32697 
9.83 0.131225 -0.328299 
9.84 0.127935 -0.329594 
9.85 0.124633 -0.330857 
9.86 0.121318 -0.332087 
9.87 0.117992 -0.333284 
9.88 0.114653 -0.334447 
9.89 0.111303 -0.335577 
9.9 0.107942 -0.336673 
9.91 0.10457 -0.337735 
9.92 0.101187 -0.338764 
9.93 0.0977944 -0.339759 
9.94 0.094392 -0.34072 
9.95 0.0909802 -0.341647 
9.96 0.0875593 -0.34254 
9.97 0.0841296 -0.343398 
9.98 0.0806915 -0.344222 
9.99 0.0772453 -0.345012 
10 0.0737914 -0.345767 
