0 1.25 0.25 
0.01 1.25244 0.237488 
0.02 1.25475 0.224952 
0.03 1.25694 0.212393 
0.04 1.259 0.199814 
0.05 1.26093 0.187214 
0.06 1.26274 0.174596 
0.07 1.26442 0.16196 
0.08 1.26598 0.149308 
0.09 1.26741 0.136641 
0.1 1.26871 0.12396 
0.11 1.26989 0.111267 
0.12 1.27094 0.0985632 
0.13 1.27186 0.0858492 
0.14 1.27266 0.0731266 
0.15 1.27332 0.0603967 
0.16 1.27386 0.0476608 
0.17 1.27428 0.0349201 
0.18 1.27456 0.0221759 
0.19 1.27472 0.00942946 
0.2 1.27475 -0.00331789 
0.21 1.27465 -0.0160649 
0.22 1.27443 -0.0288103 
0.23 1.27408 -0.0415529 
0.24 1.2736 -0.0542912 
0.25 1.27299 -0.0670242 
0.26 1.27226 -0.0797504 
0.27 1.2714 -0.0924687 
0.28 1.27041 -0.105178 
0.29 1.26929 -0.117876 
0.3 1.26805 -0.130563 
0.31 1.26668 -0.143237 
0.32 1.26519 -0.155896 
0.33 1.26356 -0.16854 
0.34 1.26182 -0.181167 
0.35 1.25994 -0.193775 
0.36 1.25794 -0.206365 
0.37 1.25581 -0.218934 
0.38 1.25356 -0.23148 
0.39 1.25118 -0.244004 
0.4 1.24868 -0.256504 
0.41 1.24605 -0.268977 
0.42 1.2433 -0.281424 
0.43 1.24043 -0.293843 
0.44 1.23743 -0.306232 
0.45 1.2343 -0.318591 
0.46 1.23105 -0.330917 
0.47 1.22768 -0.343211 
0.48 1.22419 -0.35547 
0.49 1.22057 -0.367694 
0.5 1.21684 -0.379881 
0.51 1.21298 -0.39203 
0.52 1.209 -0.40414 
0.53 1.20489 -0.41621 
0.54 1.20067 -0.428237 
0.55 1.19633 -0.440222 
0.56 1.19187 -0.452163 
0.57 1.18729 -0.464059 
0.58 1.18259 -0.475909 
0.59 1.17777 -0.48771 
0.6 1.17283 -0.499463 
0.61 1.16778 -0.511166 
0.62 1.16261 -0.522818 
0.63 1.15732 -0.534418 
0.64 1.15192 -0.545964 
0.65 1.1464 -0.557456 
0.66 1.14077 -0.568892 
0.67 1.13503 -0.580271 
0.68 1.12917 -0.591592 
0.69 1.1232 -0.602854 
0.7 1.11711 -0.614055 
0.71 1.11091 -0.625195 
0.72 1.10461 -0.636273 
0.73 1.09819 -0.647287 
0.74 1.09166 -0.658236 
0.75 1.08502 -0.669119 
0.76 1.07828 -0.679936 
0.77 1.07143 -0.690685 
0.78 1.06447 -0.701364 
0.79 1.0574 -0.711973 
0.8 1.05023 -0.722511 
0.81 1.04295 -0.732977 
0.82 1.03557 -0.74337 
0.83 1.02808 -0.753688 
0.84 1.02049 -0.763931 
0.85 1.0128 -0.774098 
0.86 1.00501 -0.784187 
0.87 0.997121 -0.794197 
0.88 0.98913 -0.804129 
0.89 0.981039 -0.813979 
0.9 0.97285 -0.823749 
0.91 0.964564 -0.833436 
0.92 0.956182 -0.84304 
0.93 0.947704 -0.852559 
0.94 0.939131 -0.861993 
0.95 0.930465 -0.871341 
0.96 0.921705 -0.880602 
0.97 0.912853 -0.889775 
0.98 0.90391 -0.898859 
0.99 0.894876 -0.907853 
1 0.885753 -0.916756 
1.01 0.876542 -0.925567 
1.02 0.867242 -0.934286 
1.03 0.857856 -0.942912 
1.04 0.848385 -0.951443 
1.05 0.838828 -0.959879 
1.06 0.829188 -0.968219 
1.07 0.819464 -0.976462 
1.08 0.809659 -0.984608 
1.09 0.799772 -0.992655 
1.1 0.789806 -1.0006 
1.11 0.779761 -1.00845 
1.12 0.769638 -1.0162 
1.13 0.759437 -1.02384 
1.14 0.749161 -1.03139 
1.15 0.73881 -1.03883 
1.16 0.728385 -1.04616 
1.17 0.717888 -1.05339 
1.18 0.707318 -1.06052 
1.19 0.696678 -1.06754 
1.2 0.685968 -1.07445 
1.21 0.675189 -1.08126 
1.22 0.664343 -1.08796 
1.23 0.653431 -1.09454 
1.24 0.642453 -1.10102 
1.25 0.631411 -1.10739 
1.26 0.620305 -1.11365 
1.27 0.609138 -1.1198 
1.28 0.59791 -1.12583 
1.29 0.586622 -1.13176 
1.3 0.575275 -1.13757 
1.31 0.563871 -1.14326 
1.32 0.552411 -1.14884 
1.33 0.540895 -1.15431 
1.34 0.529325 -1.15966 
1.35 0.517702 -1.1649 
1.36 0.506028 -1.17002 
1.37 0.494303 -1.17502 
1.38 0.482528 -1.1799 
1.39 0.470705 -1.18467 
1.4 0.458835 -1.18932 
1.41 0.446919 -1.19384 
1.42 0.434959 -1.19825 
1.43 0.422955 -1.20254 
1.44 0.410909 -1.20671 
1.45 0.398821 -1.21076 
1.46 0.386694 -1.21469 
1.47 0.374528 -1.21849 
1.48 0.362325 -1.22218 
1.49 0.350085 -1.22574 
1.5 0.337811 -1.22918 
1.51 0.325502 -1.2325 
1.52 0.313161 -1.23569 
1.53 0.300789 -1.23876 
1.54 0.288387 -1.24171 
1.55 0.275956 -1.24453 
1.56 0.263497 -1.24722 
1.57 0.251012 -1.2498 
1.58 0.238501 -1.25224 
1.59 0.225967 -1.25457 
1.6 0.213411 -1.25676 
1.61 0.200833 -1.25884 
1.62 0.188235 -1.26078 
1.63 0.175618 -1.2626 
1.64 0.162983 -1.26429 
1.65 0.150333 -1.26586 
1.66 0.137667 -1.2673 
1.67 0.124987 -1.26861 
1.68 0.112295 -1.2698 
1.69 0.0995918 -1.27086 
1.7 0.0868786 -1.27179 
1.71 0.0741567 -1.2726 
1.72 0.0614273 -1.27327 
1.73 0.0486918 -1.27382 
1.74 0.0359515 -1.27425 
1.75 0.0232075 -1.27454 
1.76 0.0104612 -1.27471 
1.77 -0.0022861 -1.27475 
1.78 -0.0150332 -1.27467 
1.79 -0.0277788 -1.27445 
1.8 -0.0405216 -1.27411 
1.81 -0.0532604 -1.27364 
1.82 -0.0659938 -1.27305 
1.83 -0.0787206 -1.27232 
1.84 -0.0914396 -1.27147 
1.85 -0.104149 -1.27049 
1.86 -0.116849 -1.26939 
1.87 -0.129537 -1.26816 
1.88 -0.142211 -1.2668 
1.89 -0.154872 -1.26531 
1.9 -0.167517 -1.2637 
1.91 -0.180145 -1.26196 
1.92 -0.192756 -1.2601 
1.93 -0.205347 -1.25811 
1.94 -0.217917 -1.25599 
1.95 -0.230466 -1.25375 
1.96 -0.242991 -1.25138 
1.97 -0.255493 -1.24889 
1.98 -0.267969 -1.24627 
1.99 -0.280418 -1.24353 
2 -0.292839 -1.24066 
2.01 -0.30523 -1.23767 
2.02 -0.317591 -1.23456 
2.03 -0.329921 -1.23132 
2.04 -0.342217 -1.22796 
2.05 -0.354479 -1.22448 
2.06 -0.366706 -1.22087 
2.07 -0.378896 -1.21714 
2.08 -0.391048 -1.21329 
2.09 -0.403161 -1.20932 
2.1 -0.415234 -1.20523 
2.11 -0.427265 -1.20102 
2.12 -0.439254 -1.19669 
2.13 -0.451199 -1.19223 
2.14 -0.463098 -1.18766 
2.15 -0.474951 -1.18297 
2.16 -0.486757 -1.17816 
2.17 -0.498514 -1.17324 
2.18 -0.510221 -1.16819 
2.19 -0.521877 -1.16303 
2.2 -0.533481 -1.15776 
2.21 -0.545032 -1.15236 
2.22 -0.556528 -1.14686 
2.23 -0.567968 -1.14123 
2.24 -0.579352 -1.1355 
2.25 -0.590678 -1.12965 
2.26 -0.601944 -1.12368 
2.27 -0.613151 -1.11761 
2.28 -0.624296 -1.11142 
2.29 -0.635378 -1.10512 
2.3 -0.646398 -1.09871 
2.31 -0.657352 -1.09219 
2.32 -0.668241 -1.08557 
2.33 -0.679063 -1.07883 
2.34 -0.689817 -1.07199 
2.35 -0.700502 -1.06503 
2.36 -0.711117 -1.05798 
2.37 -0.721661 -1.05081 
2.38 -0.732133 -1.04354 
2.39 -0.742531 -1.03617 
2.4 -0.752856 -1.02869 
2.41 -0.763105 -1.02111 
2.42 -0.773278 -1.01343 
2.43 -0.783373 -1.00565 
2.44 -0.79339 -0.997764 
2.45 -0.803328 -0.98978 
2.46 -0.813185 -0.981698 
2.47 -0.822961 -0.973517 
2.48 -0.832655 -0.965239 
2.49 -0.842265 -0.956864 
2.5 -0.851792 -0.948394 
2.51 -0.861233 -0.939829 
2.52 -0.870588 -0.93117 
2.53 -0.879856 -0.922417 
2.54 -0.889036 -0.913573 
2.55 -0.898127 -0.904637 
2.56 -0.907128 -0.895611 
2.57 -0.916039 -0.886495 
2.58 -0.924857 -0.877291 
2.59 -0.933584 -0.867998 
2.6 -0.942217 -0.858619 
2.61 -0.950756 -0.849154 
2.62 -0.9592 -0.839605 
2.63 -0.967548 -0.829971 
2.64 -0.975799 -0.820254 
2.65 -0.983952 -0.810455 
2.66 -0.992007 -0.800576 
2.67 -0.999963 -0.790616 
2.68 -1.00782 -0.780577 
2.69 -1.01557 -0.77046 
2.7 -1.02323 -0.760266 
2.71 -1.03078 -0.749996 
2.72 -1.03823 -0.739651 
2.73 -1.04557 -0.729232 
2.74 -1.05281 -0.71874 
2.75 -1.05995 -0.708176 
2.76 -1.06698 -0.697542 
2.77 -1.0739 -0.686837 
2.78 -1.08071 -0.676064 
2.79 -1.08742 -0.665223 
2.8 -1.09402 -0.654316 
2.81 -1.1005 -0.643344 
2.82 -1.10688 -0.632307 
2.83 -1.11315 -0.621207 
2.84 -1.11931 -0.610044 
2.85 -1.12535 -0.598821 
2.86 -1.13128 -0.587538 
2.87 -1.1371 -0.576196 
2.88 -1.14281 -0.564796 
2.89 -1.1484 -0.55334 
2.9 -1.15387 -0.541829 
2.91 -1.15923 -0.530264 
2.92 -1.16448 -0.518645 
2.93 -1.16961 -0.506975 
2.94 -1.17462 -0.495253 
2.95 -1.17951 -0.483483 
2.96 -1.18429 -0.471664 
2.97 -1.18894 -0.459798 
2.98 -1.19348 -0.447886 
2.99 -1.1979 -0.435929 
3 -1.2022 -0.423928 
3.01 -1.20638 -0.411885 
3.02 -1.21044 -0.399801 
3.03 -1.21437 -0.387677 
3.04 -1.21819 -0.375514 
3.05 -1.22189 -0.363314 
3.06 -1.22546 -0.351077 
3.07 -1.22891 -0.338805 
3.08 -1.23223 -0.3265 
3.09 -1.23544 -0.314161 
3.1 -1.23852 -0.301792 
3.11 -1.24147 -0.289392 
3.12 -1.2443 -0.276963 
3.13 -1.24701 -0.264506 
3.14 -1.24959 -0.252023 
3.15 -1.25205 -0.239515 
3.16 -1.25438 -0.226983 
3.17 -1.25659 -0.214428 
3.18 -1.25867 -0.201852 
3.19 -1.26063 -0.189255 
3.2 -1.26246 -0.17664 
3.21 -1.26416 -0.164007 
3.22 -1.26574 -0.151357 
3.23 -1.26719 -0.138692 
3.24 -1.26851 -0.126014 
3.25 -1.26971 -0.113323 
3.26 -1.27078 -0.10062 
3.27 -1.27172 -0.087908 
3.28 -1.27254 -0.0751867 
3.29 -1.27322 -0.0624579 
3.3 -1.27378 -0.0497229 
3.31 -1.27422 -0.0369828 
3.32 -1.27452 -0.0242391 
3.33 -1.2747 -0.011493 
3.34 -1.27475 0.0012543 
3.35 -1.27468 0.0140015 
3.36 -1.27447 0.0267472 
3.37 -1.27414 0.0394903 
3.38 -1.27368 0.0522294 
3.39 -1.2731 0.0649634 
3.4 -1.27239 0.0776908 
3.41 -1.27154 0.0904104 
3.42 -1.27058 0.103121 
3.43 -1.26948 0.115821 
3.44 -1.26826 0.12851 
3.45 -1.26691 0.141186 
3.46 -1.26544 0.153848 
3.47 -1.26384 0.166494 
3.48 -1.26211 0.179124 
3.49 -1.26025 0.191736 
3.5 -1.25827 0.204328 
3.51 -1.25617 0.2169 
3.52 -1.25393 0.229451 
3.53 -1.25158 0.241978 
3.54 -1.2491 0.254482 
3.55 -1.24649 0.26696 
3.56 -1.24376 0.279411 
3.57 -1.2409 0.291834 
3.58 -1.23792 0.304228 
3.59 -1.23482 0.316592 
3.6 -1.23159 0.328924 
3.61 -1.22824 0.341223 
3.62 -1.22476 0.353488 
3.63 -1.22117 0.365718 
3.64 -1.21745 0.377911 
3.65 -1.21361 0.390066 
3.66 -1.20965 0.402182 
3.67 -1.20557 0.414259 
3.68 -1.20136 0.426293 
3.69 -1.19704 0.438285 
3.7 -1.1926 0.450233 
3.71 -1.18804 0.462137 
3.72 -1.18336 0.473994 
3.73 -1.17856 0.485803 
3.74 -1.17364 0.497564 
3.75 -1.16861 0.509275 
3.76 -1.16345 0.520936 
3.77 -1.15819 0.532544 
3.78 -1.1528 0.544099 
3.79 -1.14731 0.555599 
3.8 -1.14169 0.567044 
3.81 -1.13596 0.578433 
3.82 -1.13012 0.589763 
3.83 -1.12417 0.601034 
3.84 -1.1181 0.612246 
3.85 -1.11193 0.623396 
3.86 -1.10564 0.634484 
3.87 -1.09924 0.645508 
3.88 -1.09273 0.656468 
3.89 -1.08611 0.667362 
3.9 -1.07938 0.67819 
3.91 -1.07254 0.688949 
3.92 -1.0656 0.69964 
3.93 -1.05855 0.710261 
3.94 -1.0514 0.72081 
3.95 -1.04413 0.731288 
3.96 -1.03677 0.741693 
3.97 -1.0293 0.752023 
3.98 -1.02173 0.762278 
3.99 -1.01406 0.772457 
4 -1.00628 0.782559 
4.01 -0.998406 0.792582 
4.02 -0.99043 0.802526 
4.03 -0.982355 0.81239 
4.04 -0.974183 0.822173 
4.05 -0.965912 0.831873 
4.06 -0.957546 0.841491 
4.07 -0.949083 0.851024 
4.08 -0.940525 0.860472 
4.09 -0.931874 0.869834 
4.1 -0.923129 0.879109 
4.11 -0.914292 0.888296 
4.12 -0.905364 0.897394 
4.13 -0.896345 0.906403 
4.14 -0.887236 0.915321 
4.15 -0.878039 0.924147 
4.16 -0.868754 0.932881 
4.17 -0.859382 0.941522 
4.18 -0.849924 0.950068 
4.19 -0.840381 0.95852 
4.2 -0.830754 0.966875 
4.21 -0.821044 0.975134 
4.22 -0.811252 0.983296 
4.23 -0.801378 0.991359 
4.24 -0.791425 0.999323 
4.25 -0.781392 1.00719 
4.26 -0.771282 1.01495 
4.27 -0.761094 1.02261 
4.28 -0.75083 1.03017 
4.29 -0.740491 1.03763 
4.3 -0.730078 1.04498 
4.31 -0.719592 1.05223 
4.32 -0.709034 1.05937 
4.33 -0.698405 1.06641 
4.34 -0.687706 1.07334 
4.35 -0.676939 1.08016 
4.36 -0.666103 1.08688 
4.37 -0.655202 1.09349 
4.38 -0.644234 1.09998 
4.39 -0.633202 1.10637 
4.4 -0.622107 1.11265 
4.41 -0.61095 1.11881 
4.42 -0.599732 1.12487 
4.43 -0.588453 1.13081 
4.44 -0.577116 1.13663 
4.45 -0.565721 1.14235 
4.46 -0.55427 1.14795 
4.47 -0.542763 1.15343 
4.48 -0.531202 1.1588 
4.49 -0.519587 1.16406 
4.5 -0.507921 1.16919 
4.51 -0.496204 1.17422 
4.52 -0.484437 1.17912 
4.53 -0.472622 1.1839 
4.54 -0.46076 1.18857 
4.55 -0.448851 1.19312 
4.56 -0.436898 1.19755 
4.57 -0.424901 1.20186 
4.58 -0.412862 1.20605 
4.59 -0.400781 1.21011 
4.6 -0.38866 1.21406 
4.61 -0.3765 1.21789 
4.62 -0.364303 1.22159 
4.63 -0.352069 1.22517 
4.64 -0.3398 1.22863 
4.65 -0.327497 1.23197 
4.66 -0.315161 1.23518 
4.67 -0.302794 1.23827 
4.68 -0.290396 1.24124 
4.69 -0.27797 1.24408 
4.7 -0.265515 1.2468 
4.71 -0.253035 1.24939 
4.72 -0.240528 1.25186 
4.73 -0.227998 1.2542 
4.74 -0.215445 1.25642 
4.75 -0.20287 1.25851 
4.76 -0.190275 1.26047 
4.77 -0.177661 1.26231 
4.78 -0.16503 1.26403 
4.79 -0.152382 1.26561 
4.8 -0.139718 1.26707 
4.81 -0.127041 1.26841 
4.82 -0.114351 1.26962 
4.83 -0.101649 1.2707 
4.84 -0.0889373 1.27165 
4.85 -0.0762167 1.27247 
4.86 -0.0634884 1.27317 
4.87 -0.0507539 1.27374 
4.88 -0.0380142 1.27419 
4.89 -0.0252707 1.2745 
4.9 -0.0125247 1.27469 
4.91 0.0002225 1.27475 
4.92 0.0129697 1.27469 
4.93 0.0257156 1.2745 
4.94 0.038459 1.27417 
4.95 0.0511985 1.27373 
4.96 0.0639329 1.27315 
4.97 0.0766609 1.27245 
4.98 0.0893812 1.27162 
4.99 0.102093 1.27066 
5 0.114794 1.26958 
5.01 0.127483 1.26836 
5.02 0.14016 1.26703 
5.03 0.152823 1.26556 
5.04 0.165471 1.26397 
5.05 0.178102 1.26225 
5.06 0.190715 1.26041 
5.07 0.20331 1.25844 
5.08 0.215884 1.25634 
5.09 0.228436 1.25412 
5.1 0.240965 1.25177 
5.11 0.253471 1.2493 
5.12 0.265951 1.2467 
5.13 0.278404 1.24398 
5.14 0.29083 1.24114 
5.15 0.303226 1.23817 
5.16 0.315592 1.23507 
5.17 0.327927 1.23185 
5.18 0.340229 1.22851 
5.19 0.352497 1.22505 
5.2 0.364729 1.22146 
5.21 0.376925 1.21776 
5.22 0.389084 1.21392 
5.23 0.401203 1.20997 
5.24 0.413283 1.2059 
5.25 0.425321 1.20171 
5.26 0.437316 1.19739 
5.27 0.449268 1.19296 
5.28 0.461175 1.18841 
5.29 0.473036 1.18374 
5.3 0.484849 1.17895 
5.31 0.496614 1.17404 
5.32 0.508329 1.16902 
5.33 0.519994 1.16388 
5.34 0.531606 1.15862 
5.35 0.543165 1.15324 
5.36 0.55467 1.14775 
5.37 0.56612 1.14215 
5.38 0.577513 1.13643 
5.39 0.588848 1.1306 
5.4 0.600124 1.12466 
5.41 0.611341 1.1186 
5.42 0.622496 1.11243 
5.43 0.633589 1.10615 
5.44 0.644618 1.09976 
5.45 0.655583 1.09326 
5.46 0.666483 1.08665 
5.47 0.677316 1.07993 
5.48 0.688081 1.0731 
5.49 0.698777 1.06617 
5.5 0.709404 1.05913 
5.51 0.719959 1.05198 
5.52 0.730443 1.04473 
5.53 0.740853 1.03737 
5.54 0.75119 1.02991 
5.55 0.761451 1.02235 
5.56 0.771636 1.01468 
5.57 0.781744 1.00691 
5.58 0.791774 0.999047 
5.59 0.801724 0.991079 
5.6 0.811595 0.983013 
5.61 0.821384 0.974848 
5.62 0.831091 0.966585 
5.63 0.840715 0.958226 
5.64 0.850255 0.949771 
5.65 0.85971 0.941222 
5.66 0.869079 0.932578 
5.67 0.878361 0.923841 
5.68 0.887556 0.915011 
5.69 0.896661 0.90609 
5.7 0.905677 0.897078 
5.71 0.914602 0.887977 
5.72 0.923436 0.878787 
5.73 0.932178 0.869508 
5.74 0.940826 0.860143 
5.75 0.94938 0.850692 
5.76 0.957839 0.841156 
5.77 0.966203 0.831536 
5.78 0.97447 0.821833 
5.79 0.982639 0.812047 
5.8 0.99071 0.80218 
5.81 0.998682 0.792234 
5.82 1.00655 0.782207 
5.83 1.01433 0.772103 
5.84 1.022 0.761921 
5.85 1.02956 0.751664 
5.86 1.03703 0.741331 
5.87 1.04439 0.730923 
5.88 1.05165 0.720443 
5.89 1.0588 0.709891 
5.9 1.06584 0.699268 
5.91 1.07278 0.688575 
5.92 1.07962 0.677813 
5.93 1.08634 0.666983 
5.94 1.09295 0.656086 
5.95 1.09946 0.645124 
5.96 1.10586 0.634098 
5.97 1.11214 0.623008 
5.98 1.11832 0.611855 
5.99 1.12438 0.600642 
6 1.13033 0.589368 
6.01 1.13617 0.578036 
6.02 1.14189 0.566646 
6.03 1.1475 0.555199 
6.04 1.15299 0.543696 
6.05 1.15837 0.532139 
6.06 1.16364 0.520529 
6.07 1.16878 0.508867 
6.08 1.17381 0.497154 
6.09 1.17873 0.485392 
6.1 1.18352 0.47358 
6.11 1.1882 0.461722 
6.12 1.19276 0.449817 
6.13 1.19719 0.437867 
6.14 1.20151 0.425874 
6.15 1.20571 0.413838 
6.16 1.20979 0.40176 
6.17 1.21375 0.389642 
6.18 1.21758 0.377486 
6.19 1.2213 0.365291 
6.2 1.22489 0.353061 
6.21 1.22836 0.340794 
6.22 1.2317 0.328494 
6.23 1.23493 0.316161 
6.24 1.23803 0.303796 
6.25 1.241 0.291401 
6.26 1.24385 0.278977 
6.27 1.24658 0.266525 
6.28 1.24918 0.254046 
6.29 1.25166 0.241542 
6.3 1.25401 0.229013 
6.31 1.25624 0.216462 
6.32 1.25834 0.203889 
6.33 1.26032 0.191296 
6.34 1.26217 0.178683 
6.35 1.26389 0.166053 
6.36 1.26549 0.153406 
6.37 1.26696 0.140744 
6.38 1.26831 0.128067 
6.39 1.26952 0.115378 
6.4 1.27061 0.102677 
6.41 1.27158 0.0899665 
6.42 1.27241 0.0772466 
6.43 1.27312 0.0645189 
6.44 1.2737 0.0517848 
6.45 1.27416 0.0390455 
6.46 1.27448 0.0263023 
6.47 1.27468 0.0135565 
6.48 1.27475 0.000809299 
6.49 1.2747 -0.011938 
6.5 1.27452 -0.024684 
6.51 1.27421 -0.0374276 
6.52 1.27377 -0.0501675 
6.53 1.2732 -0.0629024 
6.54 1.27251 -0.0756309 
6.55 1.27169 -0.0883519 
6.56 1.27074 -0.101064 
6.57 1.26967 -0.113766 
6.58 1.26847 -0.126457 
6.59 1.26714 -0.139135 
6.6 1.26568 -0.151799 
6.61 1.2641 -0.164448 
6.62 1.2624 -0.17708 
6.63 1.26056 -0.189695 
6.64 1.2586 -0.202291 
6.65 1.25652 -0.214867 
6.66 1.2543 -0.227421 
6.67 1.25197 -0.239952 
6.68 1.24951 -0.252459 
6.69 1.24692 -0.264942 
6.7 1.24421 -0.277397 
6.71 1.24137 -0.289825 
6.72 1.23841 -0.302224 
6.73 1.23533 -0.314593 
6.74 1.23212 -0.32693 
6.75 1.22879 -0.339234 
6.76 1.22533 -0.351505 
6.77 1.22176 -0.36374 
6.78 1.21806 -0.37594 
6.79 1.21424 -0.388101 
6.8 1.2103 -0.400224 
6.81 1.20624 -0.412306 
6.82 1.20205 -0.424348 
6.83 1.19775 -0.436347 
6.84 1.19333 -0.448302 
6.85 1.18878 -0.460213 
6.86 1.18412 -0.472077 
6.87 1.17934 -0.483895 
6.88 1.17444 -0.495664 
6.89 1.16943 -0.507383 
6.9 1.1643 -0.519051 
6.91 1.15905 -0.530668 
6.92 1.15368 -0.542232 
6.93 1.1482 -0.553741 
6.94 1.14261 -0.565195 
6.95 1.1369 -0.576593 
6.96 1.13108 -0.587933 
6.97 1.12514 -0.599214 
6.98 1.11909 -0.610435 
6.99 1.11293 -0.621595 
7 1.10666 -0.632693 
7.01 1.10028 -0.643728 
7.02 1.09379 -0.654698 
7.03 1.08719 -0.665603 
7.04 1.08048 -0.676441 
7.05 1.07366 -0.687212 
7.06 1.06673 -0.697914 
7.07 1.0597 -0.708546 
7.08 1.05256 -0.719107 
7.09 1.04532 -0.729597 
7.1 1.03797 -0.740013 
7.11 1.03052 -0.750356 
7.12 1.02296 -0.760623 
7.13 1.01531 -0.770814 
7.14 1.00755 -0.780929 
7.15 0.999687 -0.790965 
7.16 0.991728 -0.800922 
7.17 0.983669 -0.810799 
7.18 0.975512 -0.820595 
7.19 0.967258 -0.830309 
7.2 0.958907 -0.839939 
7.21 0.950459 -0.849486 
7.22 0.941917 -0.858948 
7.23 0.933281 -0.868324 
7.24 0.924551 -0.877613 
7.25 0.915729 -0.886815 
7.26 0.906815 -0.895927 
7.27 0.897811 -0.904951 
7.28 0.888717 -0.913883 
7.29 0.879534 -0.922724 
7.3 0.870263 -0.931473 
7.31 0.860905 -0.940129 
7.32 0.851461 -0.948691 
7.33 0.841931 -0.957158 
7.34 0.832318 -0.965529 
7.35 0.822621 -0.973804 
7.36 0.812842 -0.981981 
7.37 0.802982 -0.99006 
7.38 0.793042 -0.998041 
7.39 0.783022 -1.00592 
7.4 0.772924 -1.0137 
7.41 0.762748 -1.02138 
7.42 0.752497 -1.02896 
7.43 0.74217 -1.03643 
7.44 0.731769 -1.0438 
7.45 0.721294 -1.05106 
7.46 0.710748 -1.05822 
7.47 0.70013 -1.06528 
7.48 0.689443 -1.07223 
7.49 0.678686 -1.07907 
7.5 0.667862 -1.0858 
7.51 0.656971 -1.09242 
7.52 0.646014 -1.09894 
7.53 0.634993 -1.10534 
7.54 0.623908 -1.11164 
7.55 0.61276 -1.11782 
7.56 0.601552 -1.12389 
7.57 0.590283 -1.12985 
7.58 0.578955 -1.1357 
7.59 0.56757 -1.14143 
7.6 0.556127 -1.14705 
7.61 0.544629 -1.15255 
7.62 0.533077 -1.15794 
7.63 0.521471 -1.16321 
7.64 0.509813 -1.16837 
7.65 0.498104 -1.17341 
7.66 0.486346 -1.17833 
7.67 0.474538 -1.18314 
7.68 0.462683 -1.18782 
7.69 0.450782 -1.19239 
7.7 0.438836 -1.19684 
7.71 0.426846 -1.20117 
7.72 0.414813 -1.20538 
7.73 0.402739 -1.20946 
7.74 0.390625 -1.21343 
7.75 0.378471 -1.21728 
7.76 0.36628 -1.221 
7.77 0.354052 -1.2246 
7.78 0.341788 -1.22808 
7.79 0.329491 -1.23144 
7.8 0.31716 -1.23467 
7.81 0.304798 -1.23778 
7.82 0.292405 -1.24077 
7.83 0.279983 -1.24363 
7.84 0.267533 -1.24637 
7.85 0.255057 -1.24898 
7.86 0.242555 -1.25147 
7.87 0.230028 -1.25383 
7.88 0.217479 -1.25607 
7.89 0.204907 -1.25818 
7.9 0.192316 -1.26016 
7.91 0.179705 -1.26202 
7.92 0.167076 -1.26376 
7.93 0.15443 -1.26537 
7.94 0.141769 -1.26685 
7.95 0.129094 -1.2682 
7.96 0.116406 -1.26943 
7.97 0.103706 -1.27053 
7.98 0.0909957 -1.2715 
7.99 0.0782765 -1.27235 
8 0.0655494 -1.27307 
8.01 0.0528157 -1.27366 
8.02 0.0400768 -1.27412 
8.03 0.0273339 -1.27446 
8.04 0.0145882 -1.27467 
8.05 0.0018411 -1.27475 
8.06 -0.0109062 -1.27471 
8.07 -0.0236524 -1.27454 
8.08 -0.0363963 -1.27424 
8.09 -0.0491365 -1.27381 
8.1 -0.0618718 -1.27325 
8.11 -0.0746009 -1.27257 
8.12 -0.0873226 -1.27176 
8.13 -0.100035 -1.27082 
8.14 -0.112738 -1.26976 
8.15 -0.12543 -1.26857 
8.16 -0.138109 -1.26725 
8.17 -0.150774 -1.26581 
8.18 -0.163425 -1.26424 
8.19 -0.176059 -1.26254 
8.2 -0.188675 -1.26071 
8.21 -0.201272 -1.25877 
8.22 -0.213849 -1.25669 
8.23 -0.226405 -1.25449 
8.24 -0.238939 -1.25216 
8.25 -0.251448 -1.24971 
8.26 -0.263932 -1.24713 
8.27 -0.27639 -1.24443 
8.28 -0.28882 -1.2416 
8.29 -0.301221 -1.23865 
8.3 -0.313593 -1.23558 
8.31 -0.325932 -1.23238 
8.32 -0.33824 -1.22906 
8.33 -0.350513 -1.22562 
8.34 -0.362751 -1.22205 
8.35 -0.374954 -1.21836 
8.36 -0.387118 -1.21455 
8.37 -0.399244 -1.21062 
8.38 -0.41133 -1.20657 
8.39 -0.423375 -1.2024 
8.4 -0.435377 -1.1981 
8.41 -0.447336 -1.19369 
8.42 -0.45925 -1.18915 
8.43 -0.471119 -1.1845 
8.44 -0.48294 -1.17973 
8.45 -0.494713 -1.17484 
8.46 -0.506436 -1.16984 
8.47 -0.518109 -1.16472 
8.48 -0.52973 -1.15948 
8.49 -0.541298 -1.15412 
8.5 -0.552812 -1.14865 
8.51 -0.56427 -1.14307 
8.52 -0.575672 -1.13737 
8.53 -0.587017 -1.13155 
8.54 -0.598303 -1.12563 
8.55 -0.609529 -1.11959 
8.56 -0.620694 -1.11344 
8.57 -0.631797 -1.10717 
8.58 -0.642837 -1.1008 
8.59 -0.653813 -1.09432 
8.6 -0.664723 -1.08772 
8.61 -0.675567 -1.08102 
8.62 -0.686343 -1.07421 
8.63 -0.69705 -1.0673 
8.64 -0.707688 -1.06027 
8.65 -0.718255 -1.05314 
8.66 -0.72875 -1.04591 
8.67 -0.739173 -1.03857 
8.68 -0.749521 -1.03112 
8.69 -0.759795 -1.02358 
8.7 -0.769992 -1.01593 
8.71 -0.780113 -1.00818 
8.72 -0.790155 -1.00033 
8.73 -0.800119 -0.992376 
8.74 -0.810002 -0.984325 
8.75 -0.819805 -0.976176 
8.76 -0.829525 -0.967929 
8.77 -0.839163 -0.959586 
8.78 -0.848717 -0.951147 
8.79 -0.858186 -0.942612 
8.8 -0.867568 -0.933983 
8.81 -0.876865 -0.925261 
8.82 -0.886073 -0.916447 
8.83 -0.895193 -0.90754 
8.84 -0.904224 -0.898543 
8.85 -0.913164 -0.889456 
8.86 -0.922012 -0.88028 
8.87 -0.930769 -0.871016 
8.88 -0.939432 -0.861665 
8.89 -0.948002 -0.852228 
8.9 -0.956476 -0.842706 
8.91 -0.964855 -0.833099 
8.92 -0.973138 -0.823409 
8.93 -0.981323 -0.813637 
8.94 -0.98941 -0.803783 
8.95 -0.997398 -0.793849 
8.96 -1.00529 -0.783836 
8.97 -1.01307 -0.773744 
8.98 -1.02076 -0.763575 
8.99 -1.02835 -0.753329 
9 -1.03583 -0.743008 
9.01 -1.04321 -0.732613 
9.02 -1.05048 -0.722145 
9.03 -1.05765 -0.711604 
9.04 -1.06471 -0.700992 
9.05 -1.07167 -0.69031 
9.06 -1.07852 -0.67956 
9.07 -1.08526 -0.668741 
9.08 -1.09189 -0.657855 
9.09 -1.09842 -0.646903 
9.1 -1.10483 -0.635887 
9.11 -1.11113 -0.624807 
9.12 -1.11733 -0.613665 
9.13 -1.12341 -0.602461 
9.14 -1.12937 -0.591197 
9.15 -1.13523 -0.579874 
9.16 -1.14097 -0.568493 
9.17 -1.1466 -0.557056 
9.18 -1.15211 -0.545562 
9.19 -1.15751 -0.534014 
9.2 -1.16279 -0.522412 
9.21 -1.16796 -0.510759 
9.22 -1.17301 -0.499054 
9.23 -1.17794 -0.487299 
9.24 -1.18275 -0.475496 
9.25 -1.18745 -0.463645 
9.26 -1.19203 -0.451747 
9.27 -1.19648 -0.439805 
9.28 -1.20082 -0.427818 
9.29 -1.20504 -0.415789 
9.3 -1.20914 -0.403718 
9.31 -1.21311 -0.391607 
9.32 -1.21697 -0.379456 
9.33 -1.2207 -0.367268 
9.34 -1.22431 -0.355043 
9.35 -1.2278 -0.342782 
9.36 -1.23117 -0.330488 
9.37 -1.23441 -0.31816 
9.38 -1.23753 -0.3058 
9.39 -1.24053 -0.29341 
9.4 -1.2434 -0.28099 
9.41 -1.24615 -0.268542 
9.42 -1.24877 -0.256068 
9.43 -1.25127 -0.243567 
9.44 -1.25364 -0.231043 
9.45 -1.25589 -0.218495 
9.46 -1.25801 -0.205926 
9.47 -1.26001 -0.193336 
9.48 -1.26188 -0.180726 
9.49 -1.26362 -0.168099 
9.5 -1.26524 -0.155454 
9.51 -1.26673 -0.142794 
9.52 -1.2681 -0.13012 
9.53 -1.26933 -0.117433 
9.54 -1.27045 -0.104734 
9.55 -1.27143 -0.0920249 
9.56 -1.27229 -0.0793063 
9.57 -1.27301 -0.0665798 
9.58 -1.27362 -0.0538466 
9.59 -1.27409 -0.0411081 
9.6 -1.27444 -0.0283654 
9.61 -1.27466 -0.0156199 
9.62 -1.27475 -0.00287289 
9.63 -1.27472 0.00987445 
9.64 -1.27455 0.0226208 
9.65 -1.27426 0.0353649 
9.66 -1.27385 0.0481054 
9.67 -1.2733 0.0608412 
9.68 -1.27263 0.0735709 
9.69 -1.27183 0.0862932 
9.7 -1.2709 0.0990068 
9.71 -1.26985 0.111711 
9.72 -1.26867 0.124403 
9.73 -1.26736 0.137083 
9.74 -1.26593 0.14975 
9.75 -1.26437 0.162401 
9.76 -1.26268 0.175037 
9.77 -1.26087 0.187654 
9.78 -1.25893 0.200253 
9.79 -1.25686 0.212832 
9.8 -1.25467 0.22539 
9.81 -1.25235 0.237925 
9.82 -1.24991 0.250436 
9.83 -1.24735 0.262923 
9.84 -1.24465 0.275383 
9.85 -1.24184 0.287815 
9.86 -1.2389 0.300219 
9.87 -1.23583 0.312592 
9.88 -1.23265 0.324935 
9.89 -1.22934 0.337245 
9.9 -1.2259 0.349521 
9.91 -1.22235 0.361762 
9.92 -1.21867 0.373967 
9.93 -1.21487 0.386135 
9.94 -1.21094 0.398264 
9.95 -1.2069 0.410353 
9.96 -1.20274 0.422401 
9.97 -1.19845 0.434407 
9.98 -1.19405 0.44637 
9.99 -1.18953 0.458288 
10 -1.18488 0.47016 
