0 -1.25 0.25 
0.01 -1.24744 0.262487 
0.02 -1.24475 0.274948 
0.03 -1.24194 0.287382 
0.04 -1.239 0.299786 
0.05 -1.23594 0.312161 
0.06 -1.23276 0.324505 
0.07 -1.22945 0.336816 
0.08 -1.22602 0.349093 
0.09 -1.22247 0.361335 
0.1 -1.2188 0.373542 
0.11 -1.215 0.385711 
0.12 -1.21108 0.397841 
0.13 -1.20704 0.409932 
0.14 -1.20288 0.421981 
0.15 -1.1986 0.433989 
0.16 -1.19421 0.445953 
0.17 -1.18969 0.457872 
0.18 -1.18505 0.469746 
0.19 -1.18029 0.481573 
0.2 -1.17542 0.493351 
0.21 -1.17042 0.505081 
0.22 -1.16532 0.516759 
0.23 -1.16009 0.528386 
0.24 -1.15475 0.53996 
0.25 -1.14929 0.551481 
0.26 -1.14372 0.562946 
0.27 -1.13803 0.574354 
0.28 -1.13223 0.585706 
0.29 -1.12632 0.596999 
0.3 -1.12029 0.608232 
0.31 -1.11415 0.619404 
0.32 -1.1079 0.630514 
0.33 -1.10154 0.641561 
0.34 -1.09507 0.652544 
0.35 -1.08849 0.663462 
0.36 -1.0818 0.674314 
0.37 -1.07501 0.685098 
0.38 -1.0681 0.695813 
0.39 -1.06109 0.706459 
0.4 -1.05397 0.717035 
0.41 -1.04675 0.727538 
0.42 -1.03942 0.737969 
0.43 -1.03199 0.748326 
0.44 -1.02446 0.758608 
0.45 -1.01682 0.768815 
0.46 -1.00908 0.778944 
0.47 -1.00124 0.788996 
0.48 -0.993302 0.798969 
0.49 -0.985263 0.808862 
0.5 -0.977125 0.818673 
0.51 -0.96889 0.828404 
0.52 -0.960558 0.838051 
0.53 -0.952129 0.847614 
0.54 -0.943606 0.857093 
0.55 -0.934988 0.866486 
0.56 -0.926276 0.875792 
0.57 -0.917472 0.885011 
0.58 -0.908577 0.894141 
0.59 -0.89959 0.903182 
0.6 -0.890513 0.912133 
0.61 -0.881348 0.920992 
0.62 -0.872094 0.929759 
0.63 -0.862753 0.938433 
0.64 -0.853326 0.947014 
0.65 -0.843813 0.955499 
0.66 -0.834216 0.96389 
0.67 -0.824536 0.972183 
0.68 -0.814773 0.98038 
0.69 -0.804929 0.988478 
0.7 -0.795004 0.996478 
0.71 -0.785 1.00438 
0.72 -0.774917 1.01218 
0.73 -0.764757 1.01988 
0.74 -0.75452 1.02747 
0.75 -0.744208 1.03497 
0.76 -0.733821 1.04236 
0.77 -0.723361 1.04964 
0.78 -0.712829 1.05682 
0.79 -0.702225 1.0639 
0.8 -0.691552 1.07087 
0.81 -0.680809 1.07773 
0.82 -0.669997 1.08448 
0.83 -0.659119 1.09113 
0.84 -0.648175 1.09767 
0.85 -0.637167 1.10409 
0.86 -0.626094 1.11041 
0.87 -0.614959 1.11661 
0.88 -0.603762 1.12271 
0.89 -0.592505 1.12869 
0.9 -0.581189 1.13456 
0.91 -0.569815 1.14031 
0.92 -0.558384 1.14595 
0.93 -0.546896 1.15148 
0.94 -0.535355 1.15689 
0.95 -0.523759 1.16219 
0.96 -0.512111 1.16737 
0.97 -0.500412 1.17243 
0.98 -0.488663 1.17737 
0.99 -0.476866 1.1822 
1 -0.46502 1.18691 
1.01 -0.453128 1.1915 
1.02 -0.441191 1.19597 
1.03 -0.429209 1.20032 
1.04 -0.417185 1.20456 
1.05 -0.405119 1.20867 
1.06 -0.393012 1.21266 
1.07 -0.380866 1.21653 
1.08 -0.368682 1.22028 
1.09 -0.356461 1.2239 
1.1 -0.344205 1.22741 
1.11 -0.331914 1.23079 
1.12 -0.319589 1.23404 
1.13 -0.307233 1.23718 
1.14 -0.294847 1.24019 
1.15 -0.28243 1.24307 
1.16 -0.269986 1.24584 
1.17 -0.257514 1.24847 
1.18 -0.245017 1.25099 
1.19 -0.232495 1.25337 
1.2 -0.21995 1.25564 
1.21 -0.207383 1.25777 
1.22 -0.194795 1.25978 
1.23 -0.182188 1.26167 
1.24 -0.169562 1.26343 
1.25 -0.15692 1.26506 
1.26 -0.144262 1.26657 
1.27 -0.131589 1.26794 
1.28 -0.118904 1.2692 
1.29 -0.106206 1.27032 
1.3 -0.0934978 1.27132 
1.31 -0.0807802 1.27219 
1.32 -0.0680545 1.27294 
1.33 -0.0553221 1.27355 
1.34 -0.0425841 1.27404 
1.35 -0.0298419 1.27441 
1.36 -0.0170966 1.27464 
1.37 -0.00434969 1.27475 
1.38 0.00839768 1.27473 
1.39 0.0211442 1.27458 
1.4 0.0338886 1.2743 
1.41 0.0466297 1.2739 
1.42 0.059366 1.27337 
1.43 0.0720965 1.27271 
1.44 0.0848197 1.27193 
1.45 0.0975344 1.27102 
1.46 0.110239 1.26998 
1.47 0.122933 1.26881 
1.48 0.135615 1.26752 
1.49 0.148283 1.2661 
1.5 0.160936 1.26456 
1.51 0.173574 1.26288 
1.52 0.186193 1.26108 
1.53 0.198795 1.25916 
1.54 0.211376 1.25711 
1.55 0.223936 1.25493 
1.56 0.236474 1.25263 
1.57 0.248988 1.2502 
1.58 0.261477 1.24765 
1.59 0.273941 1.24497 
1.6 0.286376 1.24217 
1.61 0.298783 1.23925 
1.62 0.311161 1.2362 
1.63 0.323507 1.23302 
1.64 0.33582 1.22973 
1.65 0.348101 1.22631 
1.66 0.360346 1.22276 
1.67 0.372555 1.2191 
1.68 0.384727 1.21531 
1.69 0.396861 1.2114 
1.7 0.408955 1.20738 
1.71 0.421008 1.20323 
1.72 0.433019 1.19896 
1.73 0.444986 1.19457 
1.74 0.456909 1.19006 
1.75 0.468787 1.18543 
1.76 0.480617 1.18068 
1.77 0.4924 1.17582 
1.78 0.504133 1.17083 
1.79 0.515816 1.16573 
1.8 0.527447 1.16052 
1.81 0.539026 1.15518 
1.82 0.55055 1.14974 
1.83 0.56202 1.14417 
1.84 0.573433 1.1385 
1.85 0.584789 1.13271 
1.86 0.596087 1.1268 
1.87 0.607325 1.12078 
1.88 0.618502 1.11465 
1.89 0.629617 1.10841 
1.9 0.64067 1.10206 
1.91 0.651658 1.0956 
1.92 0.662581 1.08903 
1.93 0.673438 1.08235 
1.94 0.684227 1.07556 
1.95 0.694949 1.06867 
1.96 0.7056 1.06166 
1.97 0.716181 1.05455 
1.98 0.726691 1.04734 
1.99 0.737128 1.04002 
2 0.747491 1.0326 
2.01 0.757779 1.02507 
2.02 0.767992 1.01744 
2.03 0.778127 1.00971 
2.04 0.788185 1.00188 
2.05 0.798164 0.993948 
2.06 0.808064 0.985917 
2.07 0.817882 0.977788 
2.08 0.827619 0.96956 
2.09 0.837273 0.961236 
2.1 0.846843 0.952815 
2.11 0.856329 0.944299 
2.12 0.865729 0.935689 
2.13 0.875042 0.926985 
2.14 0.884268 0.918188 
2.15 0.893405 0.9093 
2.16 0.902454 0.900321 
2.17 0.911411 0.891251 
2.18 0.920278 0.882093 
2.19 0.929053 0.872846 
2.2 0.937735 0.863512 
2.21 0.946323 0.854092 
2.22 0.954816 0.844586 
2.23 0.963214 0.834996 
2.24 0.971516 0.825323 
2.25 0.97972 0.815566 
2.26 0.987827 0.805729 
2.27 0.995834 0.79581 
2.28 1.00374 0.785813 
2.29 1.01155 0.775736 
2.3 1.01926 0.765582 
2.31 1.02686 0.755351 
2.32 1.03436 0.745045 
2.33 1.04176 0.734665 
2.34 1.04906 0.724211 
2.35 1.05625 0.713684 
2.36 1.06333 0.703086 
2.37 1.07031 0.692418 
2.38 1.07718 0.681681 
2.39 1.08394 0.670875 
2.4 1.09059 0.660002 
2.41 1.09714 0.649064 
2.42 1.10358 0.63806 
2.43 1.1099 0.626993 
2.44 1.11612 0.615863 
2.45 1.12222 0.604671 
2.46 1.12821 0.593419 
2.47 1.13409 0.582107 
2.48 1.13985 0.570738 
2.49 1.1455 0.559311 
2.5 1.15104 0.547828 
2.51 1.15646 0.536291 
2.52 1.16176 0.5247 
2.53 1.16695 0.513056 
2.54 1.17202 0.501361 
2.55 1.17698 0.489616 
2.56 1.18181 0.477822 
2.57 1.18653 0.465981 
2.58 1.19113 0.454092 
2.59 1.19562 0.442158 
2.6 1.19998 0.430181 
2.61 1.20422 0.41816 
2.62 1.20834 0.406097 
2.63 1.21234 0.393993 
2.64 1.21622 0.381851 
2.65 1.21998 0.36967 
2.66 1.22361 0.357452 
2.67 1.22713 0.345198 
2.68 1.23052 0.33291 
2.69 1.23378 0.320588 
2.7 1.23693 0.308235 
2.71 1.23995 0.29585 
2.72 1.24285 0.283436 
2.73 1.24562 0.270994 
2.74 1.24826 0.258525 
2.75 1.25079 0.246029 
2.76 1.25319 0.233509 
2.77 1.25546 0.220966 
2.78 1.2576 0.208401 
2.79 1.25963 0.195815 
2.8 1.26152 0.183209 
2.81 1.26329 0.170585 
2.82 1.26493 0.157944 
2.83 1.26645 0.145287 
2.84 1.26784 0.132616 
2.85 1.2691 0.119931 
2.86 1.27024 0.107234 
2.87 1.27125 0.0945268 
2.88 1.27213 0.0818099 
2.89 1.27288 0.0690848 
2.9 1.27351 0.0563529 
2.91 1.27401 0.0436153 
2.92 1.27438 0.0308734 
2.93 1.27463 0.0181283 
2.94 1.27474 0.00538148 
2.95 1.27473 -0.0073659 
2.96 1.2746 -0.0201126 
2.97 1.27433 -0.0328572 
2.98 1.27394 -0.0455985 
2.99 1.27342 -0.0583353 
3 1.27277 -0.0710663 
3.01 1.272 -0.0837901 
3.02 1.2711 -0.0965056 
3.03 1.27007 -0.109211 
3.04 1.26891 -0.121906 
3.05 1.26763 -0.134589 
3.06 1.26622 -0.147258 
3.07 1.26468 -0.159913 
3.08 1.26302 -0.172551 
3.09 1.26123 -0.185173 
3.1 1.25932 -0.197775 
3.11 1.25728 -0.210358 
3.12 1.25511 -0.22292 
3.13 1.25282 -0.23546 
3.14 1.2504 -0.247976 
3.15 1.24786 -0.260467 
3.16 1.24519 -0.272933 
3.17 1.2424 -0.285371 
3.18 1.23949 -0.29778 
3.19 1.23645 -0.31016 
3.2 1.23328 -0.322508 
3.21 1.23 -0.334825 
3.22 1.22659 -0.347108 
3.23 1.22305 -0.359356 
3.24 1.2194 -0.371568 
3.25 1.21562 -0.383743 
3.26 1.21173 -0.39588 
3.27 1.20771 -0.407977 
3.28 1.20357 -0.420034 
3.29 1.19931 -0.432048 
3.3 1.19493 -0.444019 
3.31 1.19043 -0.455946 
3.32 1.18581 -0.467827 
3.33 1.18107 -0.479661 
3.34 1.17621 -0.491448 
3.35 1.17124 -0.503185 
3.36 1.16615 -0.514872 
3.37 1.16094 -0.526508 
3.38 1.15562 -0.53809 
3.39 1.15018 -0.549619 
3.4 1.14463 -0.561093 
3.41 1.13896 -0.572511 
3.42 1.13318 -0.583872 
3.43 1.12728 -0.595174 
3.44 1.12128 -0.606417 
3.45 1.11516 -0.617599 
3.46 1.10892 -0.62872 
3.47 1.10258 -0.639777 
3.48 1.09613 -0.650771 
3.49 1.08957 -0.661699 
3.5 1.08289 -0.672562 
3.51 1.07612 -0.683357 
3.52 1.06923 -0.694083 
3.53 1.06223 -0.704741 
3.54 1.05513 -0.715328 
3.55 1.04793 -0.725843 
3.56 1.04062 -0.736286 
3.57 1.0332 -0.746655 
3.58 1.02568 -0.756949 
3.59 1.01806 -0.767168 
3.6 1.01034 -0.77731 
3.61 1.00252 -0.787374 
3.62 0.994594 -0.79736 
3.63 0.986571 -0.807266 
3.64 0.978449 -0.817091 
3.65 0.97023 -0.826834 
3.66 0.961913 -0.836495 
3.67 0.9535 -0.846072 
3.68 0.944992 -0.855564 
3.69 0.936389 -0.864971 
3.7 0.927693 -0.874292 
3.71 0.918904 -0.883525 
3.72 0.910023 -0.892669 
3.73 0.901051 -0.901725 
3.74 0.891989 -0.91069 
3.75 0.882838 -0.919564 
3.76 0.873598 -0.928346 
3.77 0.864271 -0.937035 
3.78 0.854858 -0.945631 
3.79 0.845359 -0.954132 
3.8 0.835776 -0.962538 
3.81 0.826109 -0.970847 
3.82 0.816359 -0.97906 
3.83 0.806528 -0.987174 
3.84 0.796616 -0.99519 
3.85 0.786625 -1.00311 
3.86 0.776555 -1.01092 
3.87 0.766407 -1.01864 
3.88 0.756182 -1.02625 
3.89 0.745882 -1.03376 
3.9 0.735508 -1.04117 
3.91 0.725059 -1.04847 
3.92 0.714539 -1.05567 
3.93 0.703947 -1.06276 
3.94 0.693284 -1.06975 
3.95 0.682552 -1.07663 
3.96 0.671752 -1.0834 
3.97 0.660885 -1.09006 
3.98 0.649952 -1.09661 
3.99 0.638953 -1.10306 
4 0.627891 -1.10939 
4.01 0.616766 -1.11562 
4.02 0.605579 -1.12173 
4.03 0.594332 -1.12773 
4.04 0.583025 -1.13361 
4.05 0.57166 -1.13939 
4.06 0.560238 -1.14505 
4.07 0.54876 -1.15059 
4.08 0.537227 -1.15602 
4.09 0.52564 -1.16134 
4.1 0.514001 -1.16653 
4.11 0.50231 -1.17162 
4.12 0.490569 -1.17658 
4.13 0.478779 -1.18143 
4.14 0.466941 -1.18616 
4.15 0.455056 -1.19077 
4.16 0.443126 -1.19526 
4.17 0.431152 -1.19963 
4.18 0.419134 -1.20388 
4.19 0.407075 -1.20801 
4.2 0.394975 -1.21202 
4.21 0.382835 -1.21591 
4.22 0.370657 -1.21968 
4.23 0.358442 -1.22332 
4.24 0.346191 -1.22685 
4.25 0.333906 -1.23025 
4.26 0.321587 -1.23352 
4.27 0.309236 -1.23668 
4.28 0.296854 -1.23971 
4.29 0.284442 -1.24262 
4.3 0.272002 -1.2454 
4.31 0.259535 -1.24806 
4.32 0.247042 -1.25059 
4.33 0.234524 -1.253 
4.34 0.221982 -1.25528 
4.35 0.209419 -1.25744 
4.36 0.196834 -1.25947 
4.37 0.18423 -1.26137 
4.38 0.171607 -1.26315 
4.39 0.158968 -1.2648 
4.4 0.146312 -1.26633 
4.41 0.133642 -1.26773 
4.42 0.120958 -1.269 
4.43 0.108262 -1.27015 
4.44 0.0955557 -1.27117 
4.45 0.0828395 -1.27206 
4.46 0.0701151 -1.27283 
4.47 0.0573837 -1.27346 
4.48 0.0446465 -1.27397 
4.49 0.0319048 -1.27436 
4.5 0.01916 -1.27461 
4.51 0.00641327 -1.27474 
4.52 -0.00633412 -1.27474 
4.53 -0.0190809 -1.27461 
4.54 -0.0318257 -1.27436 
4.55 -0.0445674 -1.27398 
4.56 -0.0573046 -1.27347 
4.57 -0.0700361 -1.27283 
4.58 -0.0827606 -1.27207 
4.59 -0.0954768 -1.27117 
4.6 -0.108183 -1.27016 
4.61 -0.120879 -1.26901 
4.62 -0.133563 -1.26774 
4.63 -0.146233 -1.26634 
4.64 -0.158889 -1.26481 
4.65 -0.171529 -1.26316 
4.66 -0.184152 -1.26138 
4.67 -0.196756 -1.25948 
4.68 -0.209341 -1.25745 
4.69 -0.221904 -1.25529 
4.7 -0.234446 -1.25301 
4.71 -0.246964 -1.2506 
4.72 -0.259457 -1.24807 
4.73 -0.271925 -1.24541 
4.74 -0.284365 -1.24263 
4.75 -0.296777 -1.23973 
4.76 -0.309159 -1.2367 
4.77 -0.32151 -1.23354 
4.78 -0.333829 -1.23027 
4.79 -0.346115 -1.22687 
4.8 -0.358366 -1.22335 
4.81 -0.370581 -1.2197 
4.82 -0.382759 -1.21593 
4.83 -0.394899 -1.21205 
4.84 -0.407 -1.20804 
4.85 -0.419059 -1.20391 
4.86 -0.431077 -1.19966 
4.87 -0.443052 -1.19528 
4.88 -0.454982 -1.19079 
4.89 -0.466867 -1.18619 
4.9 -0.478705 -1.18146 
4.91 -0.490496 -1.17661 
4.92 -0.502237 -1.17165 
4.93 -0.513928 -1.16657 
4.94 -0.525568 -1.16137 
4.95 -0.537155 -1.15606 
4.96 -0.548688 -1.15063 
4.97 -0.560167 -1.14508 
4.98 -0.571589 -1.13942 
4.99 -0.582955 -1.13365 
5 -0.594262 -1.12776 
5.01 -0.605509 -1.12177 
5.02 -0.616697 -1.11565 
5.03 -0.627822 -1.10943 
5.04 -0.638885 -1.1031 
5.05 -0.649883 -1.09665 
5.06 -0.660817 -1.0901 
5.07 -0.671685 -1.08344 
5.08 -0.682485 -1.07667 
5.09 -0.693218 -1.06979 
5.1 -0.703881 -1.0628 
5.11 -0.714473 -1.05571 
5.12 -0.724994 -1.04851 
5.13 -0.735443 -1.04121 
5.14 -0.745818 -1.03381 
5.15 -0.756119 -1.0263 
5.16 -0.766344 -1.01868 
5.17 -0.776492 -1.01097 
5.18 -0.786562 -1.00315 
5.19 -0.796554 -0.995239 
5.2 -0.806467 -0.987224 
5.21 -0.816298 -0.97911 
5.22 -0.826048 -0.970899 
5.23 -0.835716 -0.96259 
5.24 -0.8453 -0.954185 
5.25 -0.854799 -0.945684 
5.26 -0.864213 -0.937089 
5.27 -0.87354 -0.9284 
5.28 -0.882781 -0.919619 
5.29 -0.891932 -0.910745 
5.3 -0.900995 -0.901781 
5.31 -0.909967 -0.892726 
5.32 -0.918849 -0.883582 
5.33 -0.927639 -0.874349 
5.34 -0.936336 -0.865029 
5.35 -0.944939 -0.855623 
5.36 -0.953448 -0.846131 
5.37 -0.961861 -0.836554 
5.38 -0.970178 -0.826894 
5.39 -0.978398 -0.817151 
5.4 -0.986521 -0.807327 
5.41 -0.994545 -0.797421 
5.42 -1.00247 -0.787436 
5.43 -1.01029 -0.777373 
5.44 -1.01802 -0.767231 
5.45 -1.02564 -0.757013 
5.46 -1.03316 -0.746719 
5.47 -1.04057 -0.73635 
5.48 -1.04788 -0.725908 
5.49 -1.05509 -0.715393 
5.5 -1.06219 -0.704807 
5.51 -1.06918 -0.69415 
5.52 -1.07607 -0.683423 
5.53 -1.08285 -0.672629 
5.54 -1.08952 -0.661767 
5.55 -1.09609 -0.650839 
5.56 -1.10254 -0.639846 
5.57 -1.10888 -0.628789 
5.58 -1.11512 -0.617669 
5.59 -1.12124 -0.606487 
5.6 -1.12725 -0.595244 
5.61 -1.13314 -0.583942 
5.62 -1.13892 -0.572582 
5.63 -1.14459 -0.561165 
5.64 -1.15015 -0.549691 
5.65 -1.15559 -0.538162 
5.66 -1.16091 -0.52658 
5.67 -1.16612 -0.514945 
5.68 -1.17121 -0.503258 
5.69 -1.17618 -0.491521 
5.7 -1.18104 -0.479735 
5.71 -1.18578 -0.467901 
5.72 -1.1904 -0.45602 
5.73 -1.1949 -0.444093 
5.74 -1.19928 -0.432123 
5.75 -1.20354 -0.420108 
5.76 -1.20768 -0.408052 
5.77 -1.2117 -0.395955 
5.78 -1.2156 -0.383819 
5.79 -1.21938 -0.371644 
5.8 -1.22303 -0.359432 
5.81 -1.22657 -0.347184 
5.82 -1.22998 -0.334901 
5.83 -1.23326 -0.322585 
5.84 -1.23643 -0.310237 
5.85 -1.23947 -0.297857 
5.86 -1.24238 -0.285448 
5.87 -1.24518 -0.27301 
5.88 -1.24784 -0.260545 
5.89 -1.25039 -0.248054 
5.9 -1.25281 -0.235538 
5.91 -1.2551 -0.222998 
5.92 -1.25727 -0.210436 
5.93 -1.25931 -0.197854 
5.94 -1.26122 -0.185251 
5.95 -1.26301 -0.17263 
5.96 -1.26467 -0.159991 
5.97 -1.26621 -0.147337 
5.98 -1.26762 -0.134668 
5.99 -1.2689 -0.121985 
6 -1.27006 -0.10929 
6.01 -1.27109 -0.0965845 
6.02 -1.27199 -0.0838691 
6.03 -1.27277 -0.0711453 
6.04 -1.27342 -0.0584144 
6.05 -1.27394 -0.0456776 
6.06 -1.27433 -0.0329363 
6.07 -1.27459 -0.0201917 
6.08 -1.27473 -0.00744505 
6.09 -1.27474 0.00530233 
6.1 -1.27463 0.0180492 
6.11 -1.27438 0.0307942 
6.12 -1.27401 0.0435362 
6.13 -1.27351 0.0562738 
6.14 -1.27289 0.0690058 
6.15 -1.27213 0.0817309 
6.16 -1.27125 0.0944478 
6.17 -1.27024 0.107155 
6.18 -1.26911 0.119852 
6.19 -1.26785 0.132537 
6.2 -1.26646 0.145208 
6.21 -1.26494 0.157865 
6.22 -1.2633 0.170507 
6.23 -1.26153 0.183131 
6.24 -1.25964 0.195737 
6.25 -1.25762 0.208323 
6.26 -1.25547 0.220888 
6.27 -1.2532 0.233432 
6.28 -1.2508 0.245952 
6.29 -1.24828 0.258447 
6.3 -1.24563 0.270917 
6.31 -1.24286 0.283359 
6.32 -1.23997 0.295773 
6.33 -1.23695 0.308158 
6.34 -1.2338 0.320512 
6.35 -1.23054 0.332833 
6.36 -1.22715 0.345122 
6.37 -1.22364 0.357376 
6.38 -1.22 0.369594 
6.39 -1.21624 0.381775 
6.4 -1.21236 0.393918 
6.41 -1.20837 0.406022 
6.42 -1.20424 0.418085 
6.43 -1.2 0.430106 
6.44 -1.19564 0.442084 
6.45 -1.19116 0.454018 
6.46 -1.18656 0.465907 
6.47 -1.18184 0.477749 
6.48 -1.17701 0.489543 
6.49 -1.17205 0.501289 
6.5 -1.16698 0.512984 
6.51 -1.16179 0.524628 
6.52 -1.15649 0.536219 
6.53 -1.15107 0.547757 
6.54 -1.14554 0.55924 
6.55 -1.13989 0.570667 
6.56 -1.13412 0.582037 
6.57 -1.12825 0.593349 
6.58 -1.12226 0.604601 
6.59 -1.11615 0.615793 
6.6 -1.10994 0.626924 
6.61 -1.10362 0.637992 
6.62 -1.09718 0.648996 
6.63 -1.09064 0.659935 
6.64 -1.08398 0.670808 
6.65 -1.07722 0.681614 
6.66 -1.07035 0.692352 
6.67 -1.06337 0.70302 
6.68 -1.05629 0.713619 
6.69 -1.0491 0.724145 
6.7 -1.04181 0.7346 
6.71 -1.03441 0.744981 
6.72 -1.02691 0.755288 
6.73 -1.0193 0.765519 
6.74 -1.0116 0.775673 
6.75 -1.00379 0.78575 
6.76 -0.995884 0.795749 
6.77 -0.987877 0.805667 
6.78 -0.979771 0.815506 
6.79 -0.971567 0.825262 
6.8 -0.963266 0.834936 
6.81 -0.954869 0.844527 
6.82 -0.946376 0.854033 
6.83 -0.937788 0.863454 
6.84 -0.929107 0.872789 
6.85 -0.920333 0.882036 
6.86 -0.911467 0.891195 
6.87 -0.902509 0.900265 
6.88 -0.893462 0.909245 
6.89 -0.884325 0.918134 
6.9 -0.8751 0.926931 
6.91 -0.865787 0.935635 
6.92 -0.856388 0.944246 
6.93 -0.846902 0.952762 
6.94 -0.837333 0.961184 
6.95 -0.827679 0.969509 
6.96 -0.817943 0.977737 
6.97 -0.808125 0.985867 
6.98 -0.798226 0.993899 
6.99 -0.788248 1.00183 
7 -0.77819 1.00966 
7.01 -0.768055 1.01739 
7.02 -0.757843 1.02502 
7.03 -0.747555 1.03255 
7.04 -0.737192 1.03997 
7.05 -0.726756 1.04729 
7.06 -0.716247 1.05451 
7.07 -0.705666 1.06162 
7.08 -0.695015 1.06862 
7.09 -0.684294 1.07552 
7.1 -0.673505 1.08231 
7.11 -0.662649 1.08899 
7.12 -0.651726 1.09556 
7.13 -0.640738 1.10202 
7.14 -0.629686 1.10838 
7.15 -0.618571 1.11462 
7.16 -0.607394 1.12075 
7.17 -0.596157 1.12676 
7.18 -0.584859 1.13267 
7.19 -0.573504 1.13846 
7.2 -0.562091 1.14414 
7.21 -0.550622 1.1497 
7.22 -0.539097 1.15515 
7.23 -0.527519 1.16048 
7.24 -0.515888 1.1657 
7.25 -0.504206 1.1708 
7.26 -0.492473 1.17579 
7.27 -0.480691 1.18065 
7.28 -0.46886 1.1854 
7.29 -0.456983 1.19003 
7.3 -0.44506 1.19454 
7.31 -0.433093 1.19893 
7.32 -0.421082 1.2032 
7.33 -0.40903 1.20735 
7.34 -0.396936 1.21138 
7.35 -0.384803 1.21529 
7.36 -0.372631 1.21908 
7.37 -0.360422 1.22274 
7.38 -0.348177 1.22628 
7.39 -0.335897 1.2297 
7.4 -0.323583 1.233 
7.41 -0.311237 1.23618 
7.42 -0.29886 1.23923 
7.43 -0.286453 1.24215 
7.44 -0.274018 1.24496 
7.45 -0.261555 1.24763 
7.46 -0.249066 1.25019 
7.47 -0.236552 1.25261 
7.48 -0.224014 1.25492 
7.49 -0.211454 1.25709 
7.5 -0.198873 1.25915 
7.51 -0.186272 1.26107 
7.52 -0.173652 1.26287 
7.53 -0.161015 1.26455 
7.54 -0.148362 1.26609 
7.55 -0.135694 1.26751 
7.56 -0.123012 1.26881 
7.57 -0.110318 1.26997 
7.58 -0.0976133 1.27101 
7.59 -0.0848987 1.27192 
7.6 -0.0721755 1.27271 
7.61 -0.0594451 1.27337 
7.62 -0.0467088 1.2739 
7.63 -0.0339678 1.2743 
7.64 -0.0212234 1.27458 
7.65 -0.00847683 1.27473 
7.66 0.00427054 1.27475 
7.67 0.0170175 1.27464 
7.68 0.0297627 1.27441 
7.69 0.042505 1.27405 
7.7 0.055243 1.27356 
7.71 0.0679755 1.27294 
7.72 0.0807012 1.2722 
7.73 0.0934188 1.27133 
7.74 0.106127 1.27033 
7.75 0.118825 1.2692 
7.76 0.131511 1.26795 
7.77 0.144183 1.26657 
7.78 0.156841 1.26507 
7.79 0.169484 1.26344 
7.8 0.18211 1.26168 
7.81 0.194717 1.2598 
7.82 0.207305 1.25779 
7.83 0.219872 1.25565 
7.84 0.232417 1.25339 
7.85 0.244939 1.251 
7.86 0.257437 1.24849 
7.87 0.269908 1.24585 
7.88 0.282353 1.24309 
7.89 0.29477 1.24021 
7.9 0.307157 1.2372 
7.91 0.319513 1.23406 
7.92 0.331837 1.23081 
7.93 0.344128 1.22743 
7.94 0.356385 1.22392 
7.95 0.368606 1.2203 
7.96 0.38079 1.21655 
7.97 0.392937 1.21268 
7.98 0.405044 1.20869 
7.99 0.41711 1.20458 
8 0.429135 1.20035 
8.01 0.441116 1.196 
8.02 0.453054 1.19153 
8.03 0.464946 1.18694 
8.04 0.476792 1.18223 
8.05 0.48859 1.1774 
8.06 0.50034 1.17246 
8.07 0.512039 1.1674 
8.08 0.523687 1.16222 
8.09 0.535283 1.15692 
8.1 0.546825 1.15151 
8.11 0.558312 1.14599 
8.12 0.569744 1.14035 
8.13 0.581119 1.13459 
8.14 0.592435 1.12873 
8.15 0.603693 1.12274 
8.16 0.61489 1.11665 
8.17 0.626025 1.11045 
8.18 0.637098 1.10413 
8.19 0.648107 1.09771 
8.2 0.659052 1.09117 
8.21 0.66993 1.08452 
8.22 0.680742 1.07777 
8.23 0.691485 1.07091 
8.24 0.702159 1.06394 
8.25 0.712763 1.05687 
8.26 0.723296 1.04969 
8.27 0.733757 1.0424 
8.28 0.744144 1.03501 
8.29 0.754456 1.02752 
8.3 0.764693 1.01992 
8.31 0.774854 1.01223 
8.32 0.784937 1.00443 
8.33 0.794942 0.996527 
8.34 0.804868 0.988528 
8.35 0.814712 0.98043 
8.36 0.824476 0.972234 
8.37 0.834157 0.963941 
8.38 0.843754 0.955552 
8.39 0.853267 0.947067 
8.4 0.862695 0.938487 
8.41 0.872036 0.929813 
8.42 0.881291 0.921047 
8.43 0.890457 0.912188 
8.44 0.899534 0.903238 
8.45 0.908521 0.894198 
8.46 0.917417 0.885068 
8.47 0.926222 0.87585 
8.48 0.934934 0.866544 
8.49 0.943552 0.857152 
8.5 0.952077 0.847673 
8.51 0.960506 0.83811 
8.52 0.968838 0.828464 
8.53 0.977074 0.818734 
8.54 0.985213 0.808923 
8.55 0.993252 0.79903 
8.56 1.00119 0.789058 
8.57 1.00903 0.779007 
8.58 1.01677 0.768878 
8.59 1.02441 0.758672 
8.6 1.03195 0.74839 
8.61 1.03938 0.738034 
8.62 1.04671 0.727603 
8.63 1.05393 0.7171 
8.64 1.06105 0.706525 
8.65 1.06806 0.69588 
8.66 1.07496 0.685165 
8.67 1.08176 0.674381 
8.68 1.08845 0.66353 
8.69 1.09503 0.652612 
8.7 1.1015 0.64163 
8.71 1.10787 0.630583 
8.72 1.11412 0.619473 
8.73 1.12025 0.608301 
8.74 1.12628 0.597068 
8.75 1.1322 0.585776 
8.76 1.138 0.574425 
8.77 1.14368 0.563017 
8.78 1.14926 0.551552 
8.79 1.15471 0.540032 
8.8 1.16006 0.528458 
8.81 1.16528 0.516832 
8.82 1.17039 0.505153 
8.83 1.17539 0.493424 
8.84 1.18026 0.481646 
8.85 1.18502 0.46982 
8.86 1.18966 0.457946 
8.87 1.19418 0.446027 
8.88 1.19858 0.434063 
8.89 1.20286 0.422056 
8.9 1.20702 0.410007 
8.91 1.21106 0.397916 
8.92 1.21498 0.385786 
8.93 1.21877 0.373617 
8.94 1.22245 0.361411 
8.95 1.226 0.349169 
8.96 1.22943 0.336892 
8.97 1.23274 0.324581 
8.98 1.23592 0.312238 
8.99 1.23898 0.299863 
9 1.24192 0.287459 
9.01 1.24473 0.275025 
9.02 1.24742 0.262565 
9.03 1.24998 0.250078 
9.04 1.25242 0.237566 
9.05 1.25474 0.22503 
9.06 1.25692 0.212471 
9.07 1.25898 0.199892 
9.08 1.26092 0.187292 
9.09 1.26273 0.174674 
9.1 1.26441 0.162038 
9.11 1.26597 0.149387 
9.12 1.2674 0.13672 
9.13 1.26871 0.124039 
9.14 1.26988 0.111346 
9.15 1.27093 0.0986421 
9.16 1.27186 0.0859281 
9.17 1.27265 0.0732056 
9.18 1.27332 0.0604758 
9.19 1.27386 0.0477399 
9.2 1.27427 0.0349992 
9.21 1.27456 0.022255 
9.22 1.27472 0.00950861 
9.23 1.27475 -0.00323875 
9.24 1.27465 -0.0159858 
9.25 1.27443 -0.0287312 
9.26 1.27408 -0.0414738 
9.27 1.2736 -0.0542122 
9.28 1.273 -0.0669452 
9.29 1.27226 -0.0796714 
9.3 1.2714 -0.0923898 
9.31 1.27041 -0.105099 
9.32 1.2693 -0.117797 
9.33 1.26806 -0.130484 
9.34 1.26669 -0.143158 
9.35 1.2652 -0.155817 
9.36 1.26357 -0.168461 
9.37 1.26183 -0.181088 
9.38 1.25995 -0.193697 
9.39 1.25795 -0.206287 
9.4 1.25583 -0.218856 
9.41 1.25358 -0.231403 
9.42 1.2512 -0.243927 
9.43 1.2487 -0.256426 
9.44 1.24607 -0.2689 
9.45 1.24332 -0.281347 
9.46 1.24044 -0.293766 
9.47 1.23744 -0.306155 
9.48 1.23432 -0.318514 
9.49 1.23107 -0.330841 
9.5 1.2277 -0.343135 
9.51 1.22421 -0.355394 
9.52 1.2206 -0.367618 
9.53 1.21686 -0.379806 
9.54 1.213 -0.391955 
9.55 1.20902 -0.404065 
9.56 1.20492 -0.416135 
9.57 1.2007 -0.428163 
9.58 1.19636 -0.440148 
9.59 1.1919 -0.452089 
9.6 1.18732 -0.463985 
9.61 1.18262 -0.475835 
9.62 1.1778 -0.487637 
9.63 1.17286 -0.499391 
9.64 1.16781 -0.511094 
9.65 1.16264 -0.522746 
9.66 1.15736 -0.534346 
9.67 1.15196 -0.545893 
9.68 1.14644 -0.557385 
9.69 1.14081 -0.568821 
9.7 1.13506 -0.5802 
9.71 1.1292 -0.591522 
9.72 1.12323 -0.602784 
9.73 1.11715 -0.613986 
9.74 1.11095 -0.625126 
9.75 1.10465 -0.636204 
9.76 1.09823 -0.647219 
9.77 1.0917 -0.658168 
9.78 1.08507 -0.669052 
9.79 1.07832 -0.679869 
9.8 1.07147 -0.690618 
9.81 1.06451 -0.701298 
9.82 1.05744 -0.711908 
9.83 1.05027 -0.722446 
9.84 1.043 -0.732913 
9.85 1.03561 -0.743306 
9.86 1.02813 -0.753624 
9.87 1.02054 -0.763868 
9.88 1.01285 -0.774035 
9.89 1.00506 -0.784124 
9.9 0.99717 -0.794135 
9.91 0.989179 -0.804067 
9.92 0.98109 -0.813918 
9.93 0.972902 -0.823688 
9.94 0.964616 -0.833376 
9.95 0.956234 -0.84298 
9.96 0.947757 -0.8525 
9.97 0.939185 -0.861935 
9.98 0.930519 -0.871283 
9.99 0.92176 -0.880545 
10 0.912908 -0.889718 
